0 0
0 1
0 2
0 3
0 4
0 5
0 6
0 7
0 8
0 9
0 10
0 11
0 14
0 15
0 16
0 17
0 18
0 20
0 21
0 22
0 24
0 25
0 28
0 29
0 31
0 33
0 35
0 37
0 38
0 39
0 40
0 42
0 45
0 46
0 48
0 49
0 51
0 53
0 54
0 58
0 61
0 65
0 66
0 67
0 68
0 69
0 70
0 71
0 73
0 87
0 89
0 91
0 92
0 98
0 102
0 113
0 115
0 116
0 117
0 118
0 121
0 126
0 131
0 148
0 150
0 152
0 159
0 160
0 161
0 167
0 170
0 171
0 173
0 174
0 175
0 184
0 192
0 195
0 205
0 207
0 227
0 248
0 257
0 280
0 287
0 291
0 303
0 304
0 314
0 337
0 353
0 404
0 422
0 435
0 455
1 0
1 1
1 2
1 3
1 4
1 5
1 6
1 7
1 9
1 10
1 11
1 12
1 13
1 14
1 15
1 16
1 17
1 18
1 19
1 20
1 21
1 22
1 23
1 24
1 25
1 27
1 28
1 29
1 30
1 31
1 33
1 34
1 35
1 37
1 39
1 41
1 42
1 44
1 45
1 46
1 49
1 50
1 51
1 52
1 53
1 55
1 56
1 57
1 60
1 62
1 64
1 65
1 66
1 67
1 68
1 70
1 71
1 72
1 74
1 77
1 78
1 80
1 84
1 85
1 86
1 89
1 91
1 93
1 96
1 113
1 115
1 116
1 117
1 121
1 137
1 148
1 150
1 157
1 164
1 170
1 172
1 174
1 175
1 184
1 202
1 210
1 232
2 0
2 1
2 2
2 3
2 4
2 5
2 6
2 7
2 8
2 9
2 10
2 11
2 12
2 14
2 15
2 16
2 17
2 18
2 19
2 20
2 21
2 22
2 23
2 24
2 25
2 27
2 28
2 29
2 30
2 31
2 32
2 33
2 34
2 35
2 36
2 37
2 39
2 42
2 44
2 45
2 46
2 47
2 49
2 50
2 51
2 52
2 53
2 54
2 55
2 56
2 57
2 58
2 60
2 61
2 62
2 64
2 65
2 66
2 67
2 68
2 70
2 71
2 72
2 74
2 77
2 78
2 79
2 82
2 83
2 85
2 86
2 89
2 91
2 96
2 97
2 100
2 101
2 115
2 116
2 117
2 119
2 121
2 124
2 126
2 127
2 128
2 135
2 140
2 148
2 150
2 153
2 158
2 165
2 166
2 170
2 171
2 172
2 174
2 183
2 194
2 200
2 224
2 232
2 236
2 237
2 260
2 261
2 264
2 265
2 268
2 339
3 0
3 1
3 2
3 3
3 4
3 5
3 6
3 7
3 8
3 9
3 10
3 11
3 12
3 14
3 15
3 17
3 18
3 19
3 148
3 21
3 150
3 23
3 152
3 153
3 22
3 27
3 28
3 29
3 30
3 261
3 36
3 37
3 39
3 170
3 171
3 46
3 175
3 49
3 50
3 51
3 52
3 58
3 60
3 62
3 64
3 65
3 66
3 67
3 68
3 25
3 71
3 456
3 77
3 79
3 210
3 85
3 24
3 87
3 91
3 442
3 20
3 131
3 237
3 115
3 116
3 117
3 121
3 449
4 0
4 1
4 2
4 3
4 4
4 5
4 6
4 7
4 8
4 9
4 10
4 11
4 12
4 13
4 14
4 15
4 16
4 17
4 18
4 19
4 21
4 23
4 24
4 25
4 27
4 28
4 29
4 30
4 31
4 32
4 33
4 36
4 37
4 38
4 39
4 40
4 41
4 44
4 45
4 46
4 48
4 50
4 51
4 52
4 53
4 54
4 55
4 56
4 58
4 60
4 61
4 62
4 64
4 65
4 66
4 67
4 68
4 69
4 70
4 71
4 72
4 73
4 74
4 77
4 78
4 79
4 82
4 86
4 87
4 89
4 92
4 99
4 102
4 103
4 112
4 113
4 116
4 119
4 120
4 124
4 132
4 141
4 143
4 145
4 149
4 150
4 158
4 159
4 170
4 192
4 215
4 227
4 299
4 317
4 341
5 0
5 2
5 3
5 4
5 5
5 6
5 7
5 8
5 9
5 10
5 11
5 12
5 14
5 15
5 17
5 18
5 19
5 20
5 21
5 22
5 23
5 24
5 25
5 27
5 28
5 29
5 30
5 31
5 33
5 34
5 35
5 36
5 37
5 39
5 44
5 45
5 46
5 48
5 50
5 52
5 54
5 55
5 56
5 57
5 58
5 60
5 62
5 64
5 66
5 70
5 71
5 72
5 457
5 83
5 113
6 0
6 1
6 2
6 3
6 4
6 5
6 6
6 7
6 8
6 9
6 10
6 11
6 12
6 13
6 14
6 15
6 16
6 17
6 18
6 19
6 20
6 21
6 22
6 23
6 24
6 25
6 26
6 27
6 28
6 29
6 30
6 31
6 32
6 33
6 34
6 35
6 36
6 37
6 38
6 39
6 40
6 41
6 42
6 44
6 45
6 46
6 47
6 48
6 49
6 50
6 51
6 52
6 53
6 54
6 55
6 56
6 57
6 58
6 60
6 61
6 62
6 64
6 65
6 66
6 67
6 68
6 70
6 71
6 72
6 73
6 74
6 75
6 77
6 78
6 79
6 80
6 82
6 83
6 86
6 87
6 88
6 89
6 90
6 91
6 92
6 98
6 99
6 100
6 101
6 103
6 113
6 115
6 116
6 118
6 119
6 120
6 121
6 122
6 124
6 127
6 130
6 132
6 135
6 140
6 141
6 143
6 154
6 155
6 156
6 158
6 159
6 161
6 165
6 166
6 175
6 185
6 195
6 196
6 198
6 200
6 203
6 204
6 207
6 211
6 215
6 216
6 227
6 242
6 248
6 257
6 267
6 287
6 291
6 299
6 308
6 312
6 315
6 316
6 317
6 327
6 362
6 376
6 377
6 378
6 380
6 386
6 398
6 427
6 439
6 452
6 457
6 458
7 0
7 1
7 2
7 3
7 4
7 5
7 6
7 7
7 8
7 9
7 10
7 11
7 12
7 13
7 14
7 15
7 16
7 17
7 18
7 20
7 21
7 22
7 23
7 24
7 25
7 27
7 28
7 29
7 30
7 31
7 33
7 34
7 36
7 37
7 38
7 39
7 40
7 41
7 42
7 44
7 45
7 46
7 47
7 48
7 49
7 50
7 51
7 52
7 53
7 54
7 55
7 56
7 58
7 60
7 61
7 62
7 64
7 65
7 66
7 67
7 68
7 69
7 70
7 71
7 72
7 73
7 74
7 76
7 77
7 78
7 81
7 87
7 89
7 91
7 92
7 98
7 99
7 101
7 102
7 103
7 115
7 116
7 117
7 118
7 119
7 120
7 121
7 124
7 126
7 127
7 130
7 141
7 145
7 150
7 152
7 159
7 161
7 168
7 169
7 170
7 171
7 174
7 175
7 183
7 184
7 189
7 192
7 195
7 203
7 204
7 205
7 206
7 207
7 212
7 215
7 227
7 231
7 233
7 235
7 242
7 248
7 255
7 256
7 273
7 299
7 300
7 301
7 303
7 306
7 309
7 311
7 312
7 327
7 336
7 366
7 368
7 371
7 373
7 377
7 379
7 380
7 381
7 382
7 383
7 385
7 386
7 387
7 388
7 389
7 391
7 397
7 399
7 400
7 404
7 406
7 408
7 423
8 0
8 1
8 2
8 3
8 4
8 5
8 6
8 7
8 8
8 9
8 10
8 11
8 12
8 194
8 14
8 15
8 17
8 18
8 19
8 20
8 21
8 23
8 24
8 25
8 29
8 33
8 37
8 39
8 40
8 169
8 170
8 71
8 44
8 45
8 174
8 175
8 48
8 49
8 50
8 51
8 53
8 55
8 184
8 58
8 60
8 65
8 66
8 67
8 69
8 161
8 72
8 73
8 74
8 77
8 89
8 91
8 148
8 102
8 46
8 241
8 118
8 247
8 248
8 121
9 0
9 1
9 2
9 3
9 4
9 5
9 6
9 7
9 8
9 9
9 10
9 11
9 12
9 13
9 14
9 15
9 16
9 17
9 18
9 19
9 20
9 21
9 23
9 24
9 25
9 27
9 28
9 29
9 30
9 31
9 32
9 33
9 34
9 35
9 36
9 37
9 38
9 39
9 40
9 41
9 42
9 44
9 45
9 46
9 47
9 48
9 49
9 50
9 51
9 52
9 53
9 54
9 55
9 56
9 57
9 58
9 60
9 61
9 62
9 64
9 65
9 66
9 67
9 68
9 69
9 70
9 71
9 72
9 73
9 74
9 77
9 78
9 86
9 87
9 88
9 89
9 91
9 97
9 99
9 101
9 102
9 113
9 115
9 116
9 117
9 118
9 119
9 121
9 122
9 124
9 126
9 130
9 141
9 143
9 154
9 155
9 156
9 158
9 159
9 161
9 169
9 170
9 174
9 175
9 183
9 195
9 203
9 207
9 235
9 239
9 257
9 291
9 301
9 302
9 303
9 324
9 368
9 438
10 0
10 1
10 2
10 3
10 4
10 5
10 6
10 7
10 8
10 9
10 12
10 13
10 14
10 15
10 16
10 18
10 19
10 20
10 21
10 22
10 23
10 24
10 25
10 27
10 28
10 29
10 30
10 31
10 32
10 33
10 34
10 35
10 36
10 37
10 38
10 39
10 40
10 41
10 42
10 43
10 44
10 45
10 46
10 47
10 48
10 49
10 50
10 51
10 52
10 53
10 54
10 55
10 56
10 57
10 58
10 59
10 60
10 61
10 62
10 65
10 67
10 68
10 69
10 70
10 71
10 72
10 73
10 74
10 75
10 77
10 78
10 79
10 80
10 82
10 85
10 86
10 87
10 88
10 89
10 90
10 91
10 95
10 97
10 98
10 101
10 103
10 105
10 112
10 113
10 115
10 116
10 117
10 118
10 119
10 121
10 124
10 127
10 130
10 131
10 132
10 135
10 140
10 143
10 145
10 150
10 152
10 154
10 155
10 156
10 158
10 159
10 160
10 161
10 164
10 166
10 168
10 169
10 170
10 171
10 173
10 174
10 175
10 183
10 184
10 185
10 190
10 192
10 193
10 195
10 196
10 197
10 198
10 203
10 204
10 207
10 208
10 211
10 212
10 213
10 215
10 217
10 224
10 227
10 229
10 231
10 232
10 234
10 238
10 241
10 242
10 244
10 245
10 247
10 248
10 249
10 250
10 251
10 252
10 254
10 257
10 260
10 267
10 268
10 274
10 281
10 284
10 286
10 287
10 292
10 299
10 300
10 301
10 303
10 307
10 308
10 309
10 311
10 312
10 313
10 316
10 317
10 324
10 327
10 331
10 333
10 336
10 340
10 341
10 345
10 357
10 359
10 365
10 366
10 370
10 388
10 393
10 425
10 428
10 438
10 441
10 443
10 444
10 445
10 446
10 447
10 451
10 456
10 461
10 463
10 464
10 466
10 469
10 471
11 0
11 1
11 2
11 3
11 4
11 5
11 6
11 7
11 9
11 10
11 12
11 13
11 14
11 15
11 17
11 18
11 19
11 20
11 21
11 22
11 23
11 24
11 25
11 27
11 28
11 29
11 30
11 31
11 32
11 33
11 34
11 35
11 164
11 37
11 38
11 39
11 41
11 42
11 44
11 45
11 46
11 47
11 50
11 52
11 53
11 55
11 56
11 57
11 59
11 60
11 61
11 62
11 64
11 65
11 66
11 67
11 70
11 71
11 72
11 140
11 74
11 78
11 79
11 80
11 83
11 85
11 36
11 90
11 91
11 257
11 97
11 101
11 115
11 116
11 118
11 127
12 0
12 1
12 2
12 3
12 4
12 5
12 6
12 7
12 8
12 9
12 10
12 11
12 12
12 13
12 14
12 15
12 16
12 17
12 18
12 19
12 20
12 21
12 23
12 24
12 25
12 27
12 28
12 29
12 30
12 31
12 32
12 33
12 34
12 35
12 36
12 37
12 38
12 39
12 41
12 44
12 45
12 46
12 47
12 48
12 50
12 51
12 52
12 53
12 54
12 55
12 56
12 57
12 58
12 60
12 61
12 62
12 64
12 65
12 67
12 68
12 69
12 70
12 71
12 72
12 73
12 74
12 77
12 78
12 79
12 81
12 87
12 88
12 89
12 90
12 92
12 99
12 103
12 115
12 116
12 118
12 119
12 120
12 121
12 124
12 126
12 130
12 135
12 143
12 145
12 154
12 155
12 156
12 158
12 168
12 169
12 192
12 195
12 203
12 217
12 232
12 242
12 299
12 303
12 313
12 317
12 327
12 388
12 394
12 414
12 426
12 445
12 470
13 0
13 1
13 2
13 3
13 4
13 6
13 7
13 9
13 10
13 11
13 12
13 14
13 15
13 16
13 17
13 19
13 21
13 24
13 25
13 27
13 28
13 29
13 33
13 34
13 35
13 37
13 39
13 45
13 46
13 48
13 50
13 51
13 54
13 56
13 58
13 60
13 61
13 65
13 66
13 195
13 68
13 69
13 71
13 72
13 73
13 89
13 102
13 161
13 118
13 119
14 0
14 1
14 2
14 3
14 4
14 5
14 6
14 7
14 8
14 9
14 10
14 11
14 12
14 13
14 14
14 15
14 16
14 17
14 18
14 19
14 20
14 21
14 23
14 24
14 25
14 26
14 27
14 28
14 29
14 30
14 31
14 32
14 33
14 34
14 35
14 36
14 37
14 38
14 39
14 40
14 41
14 44
14 45
14 46
14 47
14 48
14 50
14 52
14 53
14 54
14 55
14 56
14 57
14 58
14 60
14 61
14 62
14 64
14 65
14 66
14 67
14 68
14 70
14 71
14 72
14 74
14 75
14 78
14 79
14 82
14 85
14 86
14 88
14 89
14 91
14 92
14 93
14 99
14 100
14 101
14 103
14 105
14 119
14 120
14 124
14 127
14 130
14 135
14 141
14 143
14 155
14 156
14 158
14 159
14 190
14 196
14 215
14 257
14 267
14 303
14 312
14 317
14 371
14 439
15 0
15 1
15 2
15 3
15 4
15 5
15 6
15 7
15 8
15 9
15 10
15 11
15 12
15 13
15 14
15 15
15 16
15 17
15 18
15 19
15 20
15 21
15 22
15 23
15 24
15 25
15 27
15 28
15 29
15 30
15 31
15 32
15 33
15 34
15 35
15 36
15 37
15 38
15 39
15 40
15 41
15 42
15 43
15 44
15 45
15 46
15 47
15 48
15 49
15 50
15 51
15 52
15 53
15 54
15 55
15 56
15 57
15 58
15 59
15 60
15 61
15 62
15 63
15 65
15 66
15 67
15 68
15 69
15 70
15 71
15 72
15 73
15 74
15 75
15 76
15 77
15 79
15 80
15 81
15 82
15 83
15 86
15 87
15 88
15 89
15 90
15 91
15 93
15 95
15 96
15 97
15 98
15 100
15 101
15 103
15 105
15 106
15 108
15 109
15 110
15 113
15 115
15 118
15 119
15 120
15 121
15 122
15 123
15 124
15 127
15 128
15 129
15 130
15 131
15 133
15 134
15 135
15 136
15 137
15 138
15 140
15 142
15 143
15 145
15 146
15 147
15 148
15 150
15 151
15 154
15 155
15 156
15 158
15 159
15 161
15 163
15 165
15 166
15 168
15 169
15 170
15 173
15 175
15 176
15 177
15 178
15 181
15 184
15 185
15 186
15 187
15 188
15 190
15 191
15 192
15 197
15 198
15 199
15 203
15 212
15 215
15 217
15 219
15 222
15 223
15 225
15 229
15 246
15 248
15 256
15 257
15 267
15 277
15 284
15 285
15 291
15 293
15 294
15 296
15 297
15 298
15 303
15 306
15 307
15 308
15 317
15 318
15 340
15 341
15 354
15 361
15 406
15 425
15 426
15 428
15 430
15 438
15 440
15 442
15 445
15 462
15 463
15 468
16 0
16 2
16 4
16 5
16 6
16 7
16 8
16 9
16 11
16 12
16 13
16 14
16 15
16 17
16 18
16 19
16 20
16 21
16 23
16 24
16 25
16 26
16 27
16 28
16 29
16 30
16 31
16 32
16 33
16 35
16 37
16 39
16 44
16 45
16 46
16 47
16 50
16 52
16 55
16 56
16 57
16 61
16 64
16 65
16 66
16 70
16 71
16 72
16 215
16 124
17 0
17 1
17 2
17 3
17 4
17 5
17 6
17 7
17 8
17 9
17 10
17 11
17 12
17 13
17 14
17 15
17 16
17 17
17 18
17 19
17 20
17 21
17 22
17 23
17 24
17 25
17 26
17 27
17 28
17 29
17 30
17 31
17 32
17 33
17 34
17 35
17 36
17 37
17 38
17 39
17 40
17 41
17 42
17 44
17 45
17 46
17 47
17 48
17 49
17 50
17 51
17 52
17 53
17 54
17 55
17 56
17 57
17 58
17 59
17 60
17 61
17 62
17 65
17 66
17 67
17 68
17 69
17 70
17 71
17 72
17 73
17 74
17 75
17 77
17 78
17 79
17 81
17 82
17 83
17 85
17 86
17 87
17 88
17 89
17 90
17 91
17 93
17 98
17 99
17 100
17 101
17 103
17 105
17 112
17 113
17 115
17 116
17 117
17 118
17 119
17 120
17 121
17 122
17 124
17 127
17 129
17 130
17 132
17 135
17 140
17 141
17 143
17 145
17 148
17 150
17 154
17 155
17 156
17 158
17 159
17 160
17 161
17 165
17 166
17 168
17 169
17 170
17 171
17 175
17 183
17 184
17 189
17 190
17 192
17 195
17 196
17 198
17 200
17 204
17 207
17 212
17 215
17 217
17 233
17 234
17 235
17 239
17 241
17 242
17 248
17 252
17 256
17 257
17 260
17 267
17 271
17 281
17 300
17 301
17 303
17 312
17 313
17 317
17 324
17 327
17 331
17 368
17 396
17 413
17 415
17 416
17 417
17 418
17 421
17 430
17 433
17 438
17 439
17 448
17 450
17 454
17 460
18 0
18 1
18 2
18 3
18 4
18 5
18 6
18 7
18 8
18 9
18 10
18 11
18 12
18 13
18 14
18 15
18 16
18 17
18 19
18 20
18 21
18 23
18 24
18 25
18 27
18 28
18 29
18 30
18 31
18 32
18 33
18 34
18 35
18 36
18 37
18 166
18 39
18 41
18 45
18 46
18 48
18 50
18 52
18 53
18 54
18 55
18 56
18 57
18 58
18 60
18 61
18 62
18 65
18 322
18 67
18 68
18 130
18 71
18 72
18 73
18 78
18 79
18 156
18 66
18 86
18 88
18 90
18 143
18 92
18 103
18 317
18 122
18 124
19 0
19 2
19 4
19 6
19 7
19 8
19 9
19 10
19 11
19 12
19 13
19 14
19 15
19 16
19 17
19 18
19 21
19 23
19 24
19 25
19 26
19 27
19 28
19 29
19 30
19 31
19 33
19 37
19 38
19 39
19 41
19 44
19 45
19 48
19 50
19 53
19 54
19 55
19 56
19 61
19 62
19 65
19 66
19 70
19 71
19 73
19 78
19 92
19 103
19 112
20 0
20 1
20 130
20 3
20 5
20 6
20 7
20 8
20 9
20 10
20 11
20 12
20 2
20 14
20 15
20 16
20 17
20 18
20 20
20 21
20 141
20 24
20 25
20 27
20 28
20 29
20 30
20 31
20 32
20 33
20 34
20 36
20 37
20 38
20 39
20 40
20 41
20 71
20 44
20 45
20 46
20 47
20 48
20 50
20 52
20 53
20 54
20 55
20 56
20 58
20 60
20 61
20 62
20 309
20 64
20 65
20 66
20 67
20 68
20 70
20 158
20 73
20 78
20 13
20 81
20 215
20 88
20 89
20 90
20 92
20 227
20 102
20 145
20 103
20 368
20 168
20 242
20 371
20 404
20 379
20 380
21 0
21 1
21 2
21 3
21 4
21 5
21 6
21 7
21 8
21 9
21 10
21 11
21 12
21 13
21 14
21 15
21 16
21 17
21 18
21 19
21 20
21 21
21 23
21 24
21 25
21 26
21 27
21 28
21 29
21 30
21 31
21 32
21 33
21 34
21 35
21 36
21 37
21 38
21 39
21 40
21 41
21 44
21 45
21 46
21 47
21 48
21 50
21 51
21 52
21 53
21 54
21 55
21 56
21 57
21 58
21 60
21 61
21 62
21 64
21 65
21 67
21 68
21 69
21 70
21 71
21 72
21 73
21 74
21 77
21 78
21 79
21 81
21 82
21 83
21 86
21 87
21 88
21 89
21 90
21 91
21 92
21 93
21 99
21 101
21 102
21 103
21 105
21 113
21 115
21 116
21 118
21 119
21 120
21 121
21 122
21 124
21 127
21 130
21 132
21 135
21 140
21 143
21 145
21 150
21 154
21 155
21 156
21 158
21 159
21 161
21 165
21 166
21 168
21 169
21 170
21 175
21 183
21 192
21 196
21 197
21 198
21 203
21 204
21 211
21 212
21 215
21 217
21 235
21 239
21 242
21 251
21 257
21 267
21 278
21 291
21 299
21 300
21 302
21 312
21 313
21 317
21 323
21 327
21 364
21 369
21 370
21 401
21 430
21 453
21 467
22 0
22 1
22 2
22 3
22 8
22 9
22 10
22 11
22 12
22 14
22 273
22 131
22 148
22 150
22 152
22 25
22 305
22 170
22 171
22 49
22 51
22 183
22 67
22 68
22 77
22 338
22 85
22 43
22 91
22 17
22 234
22 237
22 115
22 117
22 247
23 0
23 192
23 2
23 3
23 4
23 5
23 6
23 7
23 8
23 9
23 10
23 11
23 12
23 13
23 14
23 15
23 16
23 17
23 18
23 19
23 21
23 22
23 24
23 25
23 27
23 28
23 29
23 30
23 31
23 32
23 33
23 1
23 37
23 38
23 39
23 40
23 41
23 44
23 45
23 48
23 53
23 54
23 55
23 56
23 87
23 159
23 60
23 61
23 62
23 64
23 65
23 66
23 69
23 70
23 71
23 73
23 74
23 77
23 78
23 215
23 89
23 286
23 101
23 145
23 103
23 112
23 115
23 117
23 119
24 0
24 1
24 2
24 3
24 4
24 5
24 6
24 7
24 8
24 9
24 10
24 11
24 12
24 13
24 14
24 15
24 16
24 17
24 18
24 19
24 20
24 21
24 23
24 24
24 25
24 27
24 28
24 29
24 30
24 31
24 32
24 33
24 34
24 35
24 36
24 37
24 38
24 39
24 40
24 41
24 44
24 45
24 46
24 47
24 48
24 50
24 52
24 53
24 54
24 55
24 56
24 57
24 58
24 60
24 61
24 62
24 64
24 65
24 66
24 67
24 68
24 69
24 70
24 71
24 72
24 73
24 74
24 77
24 78
24 81
24 86
24 87
24 88
24 89
24 92
24 99
24 103
24 113
24 115
24 116
24 118
24 120
24 121
24 124
24 131
24 132
24 141
24 143
24 145
24 159
24 161
24 169
24 170
24 171
24 175
24 183
24 203
24 209
24 212
24 215
24 235
24 260
24 309
25 0
25 1
25 2
25 3
25 4
25 5
25 6
25 7
25 8
25 9
25 10
25 11
25 12
25 13
25 14
25 15
25 16
25 17
25 18
25 19
25 20
25 21
25 22
25 23
25 24
25 25
25 26
25 27
25 28
25 29
25 30
25 31
25 32
25 33
25 34
25 35
25 36
25 37
25 39
25 40
25 41
25 42
25 44
25 45
25 46
25 47
25 48
25 49
25 50
25 51
25 52
25 53
25 54
25 55
25 56
25 57
25 58
25 60
25 61
25 62
25 64
25 65
25 66
25 67
25 68
25 70
25 71
25 72
25 73
25 74
25 77
25 78
25 79
25 80
25 82
25 83
25 85
25 86
25 88
25 89
25 90
25 91
25 97
25 101
25 103
25 113
25 118
25 121
25 124
25 126
25 127
25 140
25 143
25 148
25 150
25 159
25 160
25 165
25 166
25 168
25 169
25 175
25 184
25 195
25 200
25 202
25 253
25 257
25 273
25 313
25 445
26 0
26 5
26 6
26 7
26 8
26 9
26 10
26 11
26 12
26 13
26 14
26 15
26 16
26 17
26 18
26 21
26 24
26 25
26 27
26 29
26 30
26 31
26 33
26 36
26 37
26 38
26 39
26 145
26 44
26 45
26 48
26 53
26 54
26 56
26 61
26 192
26 66
26 70
26 71
26 204
26 87
26 103
26 112
26 118
26 119
27 0
27 6
27 7
27 9
27 10
27 11
27 15
27 16
27 17
27 19
27 21
27 24
27 28
27 29
27 35
27 37
27 38
27 39
27 44
27 47
27 48
27 56
27 57
27 61
27 63
27 65
27 71
27 74
27 215
27 89
28 0
28 1
28 2
28 3
28 4
28 5
28 6
28 7
28 8
28 9
28 10
28 11
28 12
28 13
28 14
28 15
28 16
28 17
28 18
28 19
28 20
28 21
28 22
28 23
28 24
28 25
28 27
28 28
28 29
28 30
28 31
28 33
28 34
28 35
28 36
28 37
28 38
28 39
28 40
28 41
28 44
28 45
28 46
28 47
28 48
28 50
28 52
28 53
28 54
28 55
28 56
28 57
28 58
28 60
28 61
28 62
28 64
28 65
28 66
28 67
28 68
28 69
28 70
28 71
28 72
28 73
28 74
28 77
28 78
28 81
28 86
28 87
28 88
28 89
28 90
28 91
28 92
28 99
28 101
28 103
28 105
28 115
28 116
28 117
28 118
28 119
28 120
28 124
28 127
28 130
28 135
28 143
28 145
28 148
28 150
28 154
28 155
28 156
28 158
28 159
28 161
28 168
28 192
28 212
28 215
28 217
28 231
28 237
28 241
28 300
28 327
28 428
28 446
29 0
29 1
29 2
29 3
29 4
29 5
29 6
29 7
29 8
29 9
29 10
29 11
29 12
29 13
29 14
29 15
29 16
29 17
29 18
29 19
29 20
29 21
29 23
29 24
29 25
29 26
29 27
29 28
29 29
29 30
29 31
29 32
29 33
29 34
29 35
29 36
29 37
29 38
29 39
29 40
29 41
29 44
29 45
29 46
29 47
29 48
29 50
29 52
29 53
29 54
29 55
29 56
29 57
29 58
29 60
29 61
29 62
29 64
29 65
29 66
29 68
29 70
29 71
29 72
29 73
29 74
29 77
29 78
29 79
29 82
29 83
29 86
29 87
29 88
29 89
29 90
29 92
29 97
29 99
29 100
29 103
29 105
29 112
29 113
29 116
29 119
29 120
29 122
29 124
29 130
29 135
29 140
29 141
29 143
29 145
29 149
29 154
29 155
29 156
29 158
29 159
29 165
29 166
29 185
29 190
29 198
29 200
29 215
29 217
29 239
29 242
29 267
29 317
29 389
29 434
29 459
30 0
30 1
30 2
30 3
30 4
30 5
30 6
30 7
30 8
30 9
30 10
30 11
30 12
30 13
30 14
30 15
30 16
30 17
30 18
30 19
30 20
30 21
30 23
30 24
30 25
30 26
30 27
30 28
30 29
30 30
30 31
30 32
30 33
30 34
30 35
30 37
30 166
30 167
30 40
30 291
30 44
30 45
30 46
30 47
30 48
30 50
30 51
30 52
30 53
30 54
30 55
30 56
30 58
30 60
30 61
30 62
30 64
30 65
30 66
30 69
30 70
30 71
30 72
30 73
30 78
30 79
30 81
30 156
30 83
30 86
30 87
30 89
30 130
30 404
30 39
30 82
30 140
30 117
30 118
30 121
30 124
31 0
31 4
31 6
31 7
31 9
31 10
31 11
31 140
31 13
31 15
31 16
31 17
31 19
31 20
31 21
31 23
31 24
31 25
31 26
31 27
31 28
31 29
31 30
31 31
31 32
31 432
31 35
31 165
31 166
31 39
31 41
31 135
31 429
31 46
31 47
31 48
31 200
31 50
31 52
31 53
31 54
31 73
31 56
31 57
31 60
31 61
31 64
31 65
31 70
31 71
31 72
31 12
31 55
31 78
31 79
31 82
31 83
31 86
31 37
31 101
31 112
31 38
31 149
32 0
32 192
32 2
32 3
32 6
32 7
32 8
32 9
32 10
32 11
32 12
32 13
32 14
32 15
32 17
32 18
32 21
32 23
32 24
32 25
32 27
32 28
32 29
32 30
32 31
32 33
32 35
32 36
32 37
32 38
32 39
32 44
32 45
32 48
32 53
32 54
32 55
32 56
32 61
32 64
32 66
32 71
32 72
32 103
32 120
33 0
33 1
33 2
33 3
33 4
33 5
33 6
33 7
33 9
33 10
33 11
33 12
33 13
33 14
33 15
33 141
33 17
33 18
33 19
33 20
33 21
33 23
33 24
33 25
33 154
33 27
33 28
33 29
33 30
33 31
33 33
33 34
33 35
33 36
33 37
33 39
33 40
33 44
33 45
33 46
33 47
33 48
33 50
33 52
33 53
33 54
33 55
33 56
33 57
33 58
33 60
33 61
33 62
33 319
33 64
33 65
33 66
33 67
33 68
33 69
33 130
33 71
33 72
33 140
33 74
33 78
33 79
33 81
33 86
33 87
33 89
33 16
33 70
33 101
33 102
33 161
33 235
33 119
33 121
33 124
33 195
34 0
34 1
34 2
34 3
34 5
34 6
34 7
34 9
34 10
34 11
34 12
34 13
34 14
34 15
34 16
34 17
34 18
34 21
34 24
34 25
34 27
34 29
34 30
34 31
34 33
34 36
34 37
34 38
34 39
34 40
34 41
34 45
34 304
34 48
34 192
34 53
34 54
34 55
34 56
34 61
34 62
34 64
34 65
34 67
34 68
34 69
34 70
34 71
34 74
34 89
34 92
34 99
34 145
34 238
34 118
34 119
34 120
35 0
35 2
35 3
35 5
35 6
35 7
35 145
35 9
35 10
35 11
35 12
35 13
35 14
35 15
35 16
35 17
35 18
35 21
35 24
35 25
35 26
35 27
35 29
35 30
35 32
35 33
35 34
35 36
35 37
35 38
35 39
35 41
35 44
35 45
35 47
35 48
35 8
35 50
35 53
35 54
35 55
35 56
35 61
35 192
35 66
35 69
35 70
35 71
35 72
35 81
35 99
35 103
35 112
36 0
36 2
36 3
36 4
36 6
36 7
36 9
36 10
36 11
36 12
36 14
36 15
36 16
36 17
36 18
36 19
36 20
36 21
36 24
36 25
36 27
36 28
36 29
36 31
36 32
36 33
36 34
36 35
36 37
36 39
36 45
36 46
36 48
36 50
36 52
36 54
36 55
36 56
36 60
36 61
36 190
36 64
36 65
36 67
36 68
36 71
36 72
36 73
36 74
36 82
36 87
36 91
36 101
36 235
36 62
36 119
36 124
36 127
37 0
37 1
37 2
37 3
37 4
37 5
37 6
37 7
37 8
37 9
37 10
37 11
37 12
37 13
37 14
37 15
37 16
37 17
37 18
37 19
37 20
37 21
37 23
37 24
37 25
37 27
37 28
37 29
37 30
37 31
37 33
37 34
37 35
37 36
37 37
37 38
37 39
37 40
37 41
37 42
37 44
37 45
37 46
37 48
37 50
37 51
37 52
37 53
37 54
37 55
37 56
37 58
37 60
37 61
37 62
37 64
37 65
37 66
37 67
37 68
37 69
37 70
37 71
37 72
37 73
37 74
37 77
37 78
37 79
37 81
37 86
37 87
37 88
37 89
37 90
37 99
37 101
37 103
37 113
37 115
37 118
37 119
37 120
37 121
37 124
37 143
37 145
37 159
37 166
37 185
37 192
37 203
37 207
37 215
37 227
37 291
37 342
38 0
38 1
38 2
38 4
38 5
38 6
38 7
38 8
38 9
38 10
38 11
38 12
38 13
38 14
38 15
38 16
38 17
38 18
38 19
38 20
38 21
38 23
38 24
38 25
38 26
38 27
38 28
38 29
38 30
38 31
38 32
38 33
38 34
38 35
38 36
38 37
38 38
38 39
38 41
38 44
38 45
38 46
38 47
38 48
38 50
38 52
38 53
38 54
38 55
38 56
38 57
38 58
38 60
38 61
38 62
38 64
38 65
38 66
38 67
38 68
38 69
38 70
38 71
38 72
38 73
38 74
38 78
38 86
38 87
38 88
38 89
38 90
38 92
38 99
38 103
38 105
38 112
38 118
38 119
38 124
38 127
38 130
38 135
38 143
38 145
38 155
38 159
38 166
38 185
38 196
38 215
38 217
38 436
39 0
39 3
39 4
39 5
39 6
39 7
39 9
39 10
39 11
39 12
39 13
39 14
39 16
39 17
39 18
39 20
39 21
39 24
39 25
39 28
39 29
39 30
39 32
39 33
39 36
39 37
39 39
39 40
39 44
39 45
39 48
39 50
39 53
39 56
39 69
39 70
39 71
39 73
39 465
39 215
39 89
39 92
40 0
40 1
40 2
40 3
40 4
40 6
40 7
40 9
40 10
40 11
40 12
40 14
40 15
40 17
40 21
40 23
40 24
40 25
40 27
40 29
40 31
40 33
40 37
40 71
40 44
40 45
40 46
40 48
40 50
40 55
40 61
40 65
40 66
40 68
40 70
40 161
40 73
40 74
40 118
41 0
41 2
41 3
41 4
41 5
41 6
41 7
41 9
41 10
41 11
41 12
41 13
41 14
41 15
41 17
41 402
41 19
41 20
41 21
41 24
41 25
41 27
41 28
41 29
41 31
41 34
41 35
41 36
41 37
41 38
41 39
41 45
41 46
41 47
41 51
41 55
41 56
41 67
41 70
41 71
41 72
41 73
41 115
41 116
41 119
42 0
42 129
42 2
42 3
42 133
42 6
42 7
42 8
42 9
42 10
42 11
42 12
42 13
42 14
42 15
42 146
42 20
42 21
42 24
42 25
42 27
42 5
42 29
42 30
42 31
42 33
42 162
42 164
42 37
42 39
42 41
42 42
42 43
42 44
42 45
42 46
42 157
42 136
42 50
42 128
42 199
42 222
42 54
42 55
42 56
42 57
42 59
42 62
42 36
42 64
42 65
42 228
42 130
42 71
42 75
42 76
42 226
42 28
42 80
42 257
42 84
42 142
42 215
42 89
42 93
42 94
42 95
42 96
42 97
42 98
42 100
42 134
42 63
42 106
42 107
42 18
42 110
42 240
42 123
42 125
43 0
43 128
43 2
43 5
43 6
43 7
43 8
43 9
43 10
43 12
43 13
43 14
43 18
43 24
43 25
43 29
43 30
43 31
43 33
43 164
43 37
43 39
43 129
43 42
43 44
43 178
43 1
43 134
43 59
43 62
43 70
43 76
43 80
43 94
43 97
43 98
43 100
43 123
44 0
44 1
44 2
44 3
44 5
44 6
44 7
44 8
44 9
44 10
44 11
44 12
44 13
44 14
44 15
44 17
44 18
44 19
44 20
44 21
44 23
44 24
44 25
44 27
44 28
44 29
44 30
44 31
44 32
44 33
44 34
44 35
44 36
44 37
44 38
44 39
44 41
44 45
44 46
44 48
44 50
44 52
44 53
44 54
44 55
44 56
44 57
44 61
44 62
44 64
44 65
44 67
44 68
44 70
44 71
44 72
44 73
44 79
44 81
44 82
44 86
44 88
44 89
44 90
44 92
44 102
44 103
44 105
44 120
44 121
44 122
44 124
44 130
44 135
44 140
44 143
44 155
44 156
44 158
44 165
44 170
44 190
44 227
44 300
44 317
44 327
44 368
44 380
45 0
45 1
45 2
45 3
45 4
45 5
45 6
45 7
45 8
45 9
45 10
45 11
45 12
45 13
45 14
45 15
45 16
45 17
45 18
45 19
45 20
45 21
45 22
45 23
45 24
45 25
45 27
45 28
45 29
45 30
45 31
45 32
45 33
45 34
45 35
45 37
45 39
45 40
45 44
45 45
45 46
45 47
45 48
45 50
45 51
45 52
45 53
45 54
45 55
45 56
45 57
45 58
45 60
45 61
45 62
45 64
45 65
45 66
45 67
45 68
45 69
45 70
45 71
45 72
45 73
45 74
45 160
45 79
45 82
45 86
45 87
45 88
45 89
45 90
45 92
45 101
45 161
45 235
45 111
45 115
45 185
45 190
45 124
45 127
46 0
46 2
46 6
46 7
46 9
46 10
46 11
46 13
46 14
46 15
46 16
46 17
46 20
46 21
46 24
46 25
46 27
46 28
46 29
46 30
46 31
46 33
46 35
46 36
46 37
46 38
46 39
46 41
46 44
46 45
46 47
46 50
46 53
46 54
46 55
46 56
46 57
46 159
46 61
46 62
46 65
46 198
46 71
46 73
46 78
46 92
46 99
46 103
47 0
47 64
47 2
47 3
47 5
47 6
47 7
47 8
47 9
47 10
47 11
47 12
47 13
47 14
47 15
47 16
47 17
47 18
47 195
47 21
47 24
47 25
47 27
47 29
47 30
47 31
47 33
47 36
47 37
47 38
47 39
47 40
47 41
47 44
47 45
47 303
47 48
47 50
47 53
47 54
47 55
47 56
47 61
47 192
47 66
47 67
47 68
47 69
47 70
47 71
47 73
47 77
47 78
47 92
47 99
47 145
47 103
47 112
47 118
47 119
48 0
48 2
48 3
48 4
48 5
48 6
48 7
48 8
48 9
48 10
48 11
48 12
48 141
48 14
48 15
48 17
48 19
48 21
48 23
48 24
48 25
48 27
48 28
48 29
48 30
48 31
48 35
48 37
48 39
48 44
48 45
48 46
48 47
48 50
48 53
48 55
48 56
48 58
48 60
48 61
48 65
48 66
48 67
48 68
48 70
48 71
48 73
48 175
48 13
48 85
48 87
48 89
49 3
49 1
49 2
49 67
49 38
49 263
49 171
49 11
49 34
49 77
49 15
49 17
49 35
49 85
49 22
49 121
49 25
49 91
49 51
50 0
50 1
50 2
50 3
50 4
50 5
50 6
50 7
50 145
50 9
50 10
50 11
50 12
50 13
50 14
50 15
50 16
50 17
50 18
50 21
50 150
50 24
50 25
50 27
50 28
50 29
50 30
50 31
50 33
50 36
50 37
50 39
50 40
50 41
50 44
50 45
50 175
50 48
50 8
50 53
50 54
50 55
50 56
50 58
50 159
50 60
50 61
50 62
50 309
50 64
50 65
50 66
50 67
50 69
50 70
50 71
50 74
50 375
50 77
50 78
50 89
50 92
50 99
50 103
50 118
50 119
51 1
51 2
51 3
51 5
51 6
51 7
51 8
51 9
51 10
51 11
51 14
51 15
51 17
51 21
51 24
51 25
51 29
51 33
51 37
51 39
51 45
51 48
51 49
51 66
51 67
51 68
51 69
51 73
51 337
51 211
52 0
52 2
52 4
52 5
52 6
52 7
52 9
52 10
52 12
52 13
52 14
52 15
52 16
52 17
52 18
52 21
52 24
52 25
52 26
52 27
52 28
52 29
52 30
52 31
52 33
52 37
52 38
52 39
52 41
52 45
52 46
52 48
52 50
52 53
52 54
52 56
52 61
52 62
52 70
52 71
52 78
52 103
52 112
53 0
53 1
53 2
53 3
53 4
53 5
53 6
53 7
53 8
53 9
53 10
53 11
53 12
53 13
53 14
53 15
53 17
53 18
53 19
53 20
53 21
53 23
53 24
53 25
53 26
53 27
53 28
53 29
53 30
53 31
53 32
53 33
53 34
53 35
53 36
53 37
53 38
53 39
53 45
53 46
53 47
53 48
53 50
53 52
53 158
53 55
53 56
53 57
53 58
53 60
53 62
53 64
53 65
53 66
53 67
53 68
53 69
53 70
53 71
53 72
53 73
53 74
53 215
53 89
53 90
53 130
53 101
53 145
53 105
54 0
54 4
54 5
54 6
54 7
54 9
54 10
54 11
54 12
54 15
54 16
54 17
54 18
54 19
54 20
54 21
54 23
54 24
54 25
54 27
54 28
54 29
54 30
54 31
54 32
54 33
54 35
54 36
54 37
54 39
54 156
54 44
54 45
54 46
54 47
54 48
54 50
54 57
54 52
54 53
54 54
54 55
54 56
54 180
54 60
54 61
54 62
54 64
54 65
54 70
54 71
54 72
54 74
54 439
54 78
54 79
54 82
54 86
54 185
54 88
54 89
54 143
54 101
54 111
54 127
55 0
55 4
55 5
55 6
55 135
55 9
55 10
55 11
55 12
55 13
55 14
55 15
55 16
55 17
55 18
55 19
55 20
55 149
55 23
55 24
55 196
55 26
55 27
55 28
55 29
55 286
55 32
55 33
55 34
55 35
55 37
55 39
55 41
55 170
55 7
55 44
55 45
55 46
55 47
55 48
55 53
55 55
55 56
55 57
55 60
55 61
55 190
55 437
55 65
55 267
55 68
55 70
55 71
55 72
55 73
55 78
55 288
55 82
55 83
55 86
55 429
55 92
55 165
55 99
55 431
55 25
55 153
55 122
55 21
56 0
56 1
56 2
56 3
56 4
56 5
56 6
56 7
56 8
56 9
56 10
56 11
56 452
56 14
56 15
56 17
56 195
56 20
56 21
56 23
56 24
56 25
56 27
56 28
56 29
56 30
56 33
56 291
56 37
56 39
56 40
56 41
56 42
56 45
56 174
56 175
56 48
56 50
56 51
56 53
56 58
56 61
56 65
56 66
56 67
56 68
56 69
56 70
56 71
56 73
56 74
56 77
56 78
56 87
56 89
56 161
56 46
56 115
56 116
56 117
56 118
56 119
56 121
57 0
57 5
57 6
57 7
57 8
57 9
57 11
57 12
57 13
57 14
57 15
57 16
57 17
57 18
57 20
57 21
57 23
57 25
57 27
57 28
57 29
57 30
57 33
57 35
57 36
57 38
57 39
57 41
57 44
57 45
57 46
57 48
57 50
57 52
57 53
57 54
57 55
57 56
57 60
57 61
57 64
57 65
57 66
57 70
57 71
57 88
57 89
57 92
57 103
57 120
58 1
58 2
58 3
58 4
58 5
58 6
58 7
58 8
58 9
58 10
58 11
58 14
58 15
58 17
58 20
58 21
58 24
58 25
58 28
58 29
58 30
58 31
58 33
58 37
58 39
58 40
58 45
58 48
58 56
58 69
58 73
58 74
58 119
58 126
59 0
59 129
59 2
59 6
59 7
59 9
59 10
59 11
59 12
59 13
59 142
59 15
59 17
59 18
59 20
59 110
59 24
59 25
59 27
59 28
59 157
59 30
59 31
59 33
59 34
59 35
59 164
59 134
59 39
59 42
59 43
59 44
59 45
59 29
59 178
59 222
59 182
59 55
59 283
59 59
59 36
59 61
59 62
59 63
59 64
59 65
59 139
59 54
59 70
59 71
59 75
59 76
59 80
59 419
59 84
59 14
59 89
59 228
59 219
59 37
59 94
59 95
59 97
59 98
59 100
59 104
59 106
59 107
59 109
59 93
59 123
59 124
60 0
60 2
60 3
60 4
60 5
60 6
60 7
60 9
60 10
60 267
60 140
60 130
60 14
60 15
60 16
60 17
60 19
60 20
60 21
60 23
60 25
60 28
60 29
60 30
60 31
60 32
60 33
60 34
60 35
60 165
60 166
60 39
60 156
60 135
60 44
60 45
60 46
60 200
60 50
60 52
60 53
60 54
60 55
60 56
60 57
60 61
60 190
60 65
60 11
60 72
60 12
60 74
60 79
60 82
60 83
60 86
60 143
60 99
60 62
61 0
61 1
61 2
61 4
61 5
61 6
61 7
61 8
61 9
61 10
61 11
61 12
61 13
61 14
61 15
61 16
61 17
61 18
61 21
61 24
61 25
61 26
61 27
61 28
61 29
61 30
61 31
61 33
61 35
61 145
61 37
61 38
61 39
61 40
61 169
61 44
61 45
61 46
61 47
61 48
61 50
61 53
61 54
61 55
61 56
61 57
61 159
61 60
61 62
61 36
61 66
61 68
61 70
61 71
61 74
61 204
61 78
61 41
61 215
61 89
61 103
61 112
61 118
61 119
62 0
62 4
62 6
62 7
62 9
62 10
62 12
62 13
62 14
62 17
62 19
62 20
62 23
62 24
62 26
62 27
62 28
62 29
62 30
62 31
62 33
62 34
62 35
62 37
62 166
62 39
62 46
62 47
62 200
62 50
62 52
62 54
62 57
62 190
62 196
62 72
62 74
62 79
62 82
62 83
62 86
62 165
62 119
63 0
63 128
63 134
63 7
63 10
63 11
63 14
63 18
63 25
63 157
63 30
63 164
63 6
63 42
63 43
63 45
63 178
63 59
63 225
63 75
63 76
63 80
63 89
63 218
63 97
63 98
63 187
63 229
63 107
63 109
63 110
63 123
64 0
64 1
64 2
64 3
64 4
64 155
64 6
64 7
64 8
64 9
64 10
64 215
64 12
64 13
64 14
64 18
64 5
64 21
64 23
64 24
64 25
64 27
64 28
64 29
64 30
64 31
64 32
64 33
64 35
64 36
64 37
64 39
64 168
64 156
64 42
64 43
64 44
64 45
64 46
64 49
64 50
64 51
64 52
64 53
64 54
64 55
64 56
64 57
64 186
64 60
64 61
64 62
64 65
64 128
64 68
64 438
64 130
64 71
64 73
64 74
64 203
64 204
64 77
64 324
64 79
64 80
64 81
64 185
64 89
64 90
64 219
64 135
64 93
64 70
64 224
64 97
64 98
64 100
64 225
64 445
64 241
64 41
64 172
64 121
64 124
65 0
65 1
65 2
65 3
65 5
65 6
65 7
65 8
65 9
65 10
65 87
65 12
65 13
65 14
65 16
65 17
65 18
65 21
65 23
65 24
65 25
65 26
65 27
65 28
65 29
65 30
65 31
65 33
65 36
65 37
65 39
65 41
65 170
65 171
65 44
65 45
65 174
65 175
65 49
65 51
65 158
65 54
65 55
65 56
65 57
65 60
65 61
65 62
65 53
65 65
65 66
65 67
65 68
65 329
65 70
65 161
65 73
65 74
65 205
65 77
65 80
65 81
65 212
65 303
65 215
65 89
65 91
65 257
65 256
65 101
65 47
65 46
65 11
65 113
65 116
65 118
65 127
66 0
66 1
66 2
66 3
66 4
66 98
66 6
66 7
66 8
66 9
66 10
66 11
66 12
66 14
66 15
66 17
66 18
66 19
66 20
66 21
66 23
66 24
66 25
66 27
66 28
66 29
66 30
66 31
66 32
66 33
66 34
66 35
66 36
66 37
66 39
66 156
66 42
66 135
66 44
66 45
66 46
66 47
66 48
66 50
66 51
66 52
66 53
66 54
66 55
66 56
66 57
66 59
66 60
66 61
66 62
66 64
66 65
66 66
66 71
66 72
66 74
66 77
66 80
66 89
66 159
66 225
66 151
66 100
66 101
66 109
66 110
66 116
66 41
66 127
67 0
67 1
67 2
67 3
67 4
67 5
67 6
67 7
67 9
67 10
67 11
67 12
67 194
67 14
67 15
67 17
67 18
67 19
67 20
67 21
67 22
67 23
67 24
67 25
67 27
67 28
67 29
67 31
67 32
67 33
67 34
67 35
67 37
67 39
67 170
67 171
67 44
67 45
67 46
67 47
67 49
67 50
67 52
67 53
67 55
67 56
67 57
67 58
67 60
67 61
67 62
67 64
67 65
67 66
67 67
67 70
67 71
67 72
67 260
67 77
67 78
67 79
67 193
67 85
67 86
67 89
67 91
67 236
67 174
67 113
67 115
67 13
67 42
67 127
68 0
68 2
68 4
68 5
68 6
68 7
68 9
68 10
68 11
68 12
68 13
68 14
68 15
68 17
68 18
68 19
68 20
68 21
68 22
68 23
68 24
68 25
68 27
68 28
68 29
68 30
68 31
68 32
68 33
68 34
68 35
68 37
68 39
68 41
68 170
68 135
68 44
68 45
68 46
68 47
68 50
68 52
68 55
68 56
68 57
68 60
68 61
68 62
68 64
68 65
68 66
68 71
68 72
68 85
68 86
68 436
68 91
68 99
68 101
68 109
68 119
69 2
69 3
69 6
69 7
69 9
69 11
69 14
69 15
69 17
69 21
69 25
69 27
69 33
69 37
69 45
69 48
69 52
69 53
69 58
69 68
69 73
69 115
70 0
70 2
70 3
70 4
70 5
70 6
70 7
70 8
70 9
70 10
70 11
70 12
70 13
70 14
70 15
70 16
70 17
70 18
70 19
70 20
70 21
70 23
70 24
70 25
70 154
70 27
70 28
70 29
70 30
70 31
70 33
70 35
70 36
70 37
70 39
70 41
70 44
70 45
70 46
70 47
70 48
70 50
70 53
70 54
70 55
70 56
70 60
70 61
70 64
70 65
70 66
70 68
70 69
70 70
70 71
70 72
70 73
70 78
70 141
70 87
70 217
70 92
70 158
70 103
70 317
70 116
70 124
71 0
71 1
71 2
71 3
71 4
71 5
71 6
71 7
71 8
71 9
71 10
71 11
71 12
71 13
71 14
71 15
71 16
71 17
71 18
71 19
71 20
71 21
71 23
71 24
71 25
71 27
71 28
71 29
71 30
71 31
71 32
71 33
71 34
71 35
71 36
71 37
71 39
71 41
71 44
71 45
71 46
71 47
71 48
71 50
71 52
71 53
71 54
71 55
71 56
71 57
71 60
71 61
71 62
71 65
71 66
71 67
71 68
71 70
71 72
71 73
71 74
71 75
71 77
71 78
71 79
71 82
71 85
71 86
71 88
71 90
71 93
71 101
71 103
71 105
71 116
71 118
71 119
71 124
71 127
71 130
71 135
71 143
71 150
71 154
71 155
71 156
71 158
71 159
71 161
71 166
71 170
71 198
71 215
71 251
71 267
71 308
71 317
71 340
71 370
71 448
72 0
72 2
72 5
72 6
72 7
72 8
72 9
72 10
72 12
72 13
72 14
72 15
72 16
72 17
72 21
72 22
72 24
72 25
72 27
72 29
72 30
72 31
72 33
72 36
72 37
72 38
72 39
72 40
72 41
72 44
72 45
72 48
72 53
72 54
72 55
72 56
72 61
72 62
72 64
72 67
72 68
72 70
72 71
72 73
72 74
72 145
72 92
72 101
72 103
72 119
73 0
73 1
73 2
73 3
73 4
73 5
73 6
73 7
73 9
73 10
73 11
73 12
73 14
73 15
73 16
73 17
73 20
73 21
73 23
73 24
73 25
73 27
73 28
73 30
73 31
73 33
73 35
73 37
73 39
73 40
73 44
73 45
73 50
73 53
73 54
73 55
73 58
73 65
73 66
73 68
73 69
73 71
73 72
73 102
73 115
74 0
74 2
74 3
74 4
74 6
74 7
74 8
74 9
74 10
74 11
74 12
74 14
74 15
74 17
74 18
74 20
74 21
74 24
74 25
74 29
74 30
74 33
74 39
74 40
74 44
74 45
74 48
74 54
74 56
74 61
74 68
74 69
74 70
74 71
74 73
74 103
74 112
75 128
75 224
75 98
75 3
75 100
75 163
75 9
75 42
75 43
75 76
75 109
75 142
75 80
75 178
75 275
75 147
75 219
75 151
75 59
75 10
75 222
76 0
76 129
76 7
76 10
76 11
76 12
76 14
76 15
76 25
76 157
76 164
76 42
76 43
76 178
76 57
76 59
76 62
76 68
76 75
76 76
76 80
76 84
76 100
76 219
76 94
76 96
76 97
76 98
76 228
76 123
77 1
77 2
77 131
77 6
77 9
77 10
77 17
77 3
77 148
77 150
77 152
77 25
77 37
77 40
77 171
77 45
77 175
77 48
77 49
77 51
77 66
77 67
77 68
77 71
77 91
77 349
77 115
77 116
77 117
77 121
78 0
78 4
78 6
78 7
78 9
78 10
78 11
78 12
78 13
78 15
78 16
78 17
78 18
78 19
78 20
78 21
78 23
78 24
78 25
78 26
78 27
78 28
78 29
78 30
78 31
78 32
78 34
78 35
78 36
78 37
78 39
78 41
78 44
78 45
78 46
78 47
78 50
78 52
78 53
78 55
78 56
78 60
78 61
78 62
78 64
78 65
78 66
78 70
78 71
78 83
78 86
78 119
78 124
79 0
79 1
79 2
79 3
79 6
79 7
79 8
79 9
79 11
79 13
79 15
79 17
79 18
79 20
79 21
79 25
79 27
79 28
79 29
79 30
79 31
79 33
79 35
79 37
79 38
79 39
79 44
79 45
79 48
79 50
79 54
79 56
79 57
79 61
79 64
79 66
79 71
79 103
80 0
80 129
80 2
80 6
80 7
80 8
80 9
80 128
80 11
80 12
80 15
80 16
80 17
80 276
80 25
80 28
80 29
80 33
80 163
80 164
80 42
80 43
80 44
80 157
80 59
80 10
80 62
80 63
80 224
80 66
80 71
80 75
80 76
80 80
80 84
80 199
80 93
80 94
80 95
80 96
80 97
80 98
80 100
80 106
80 109
80 110
80 123
80 125
81 1
81 2
81 3
81 6
81 9
81 45
81 14
81 67
81 73
81 24
82 0
82 33
82 35
82 38
82 39
82 11
82 15
82 17
82 25
82 55
82 7
82 57
82 71
82 28
82 29
82 30
82 31
83 0
83 6
83 7
83 8
83 9
83 10
83 11
83 12
83 13
83 15
83 17
83 18
83 24
83 25
83 27
83 29
83 30
83 31
83 33
83 37
83 39
83 53
83 54
83 55
83 56
83 70
83 74
83 78
84 128
84 129
84 134
84 17
84 151
84 25
84 37
84 424
84 42
84 43
84 178
84 59
84 188
84 225
84 75
84 80
84 93
84 95
84 96
84 97
84 98
84 100
84 109
84 246
84 123
84 125
85 1
85 2
85 3
85 8
85 10
85 14
85 148
85 150
85 25
85 170
85 171
85 48
85 49
85 51
85 183
85 67
85 68
85 77
85 343
85 91
85 238
85 115
85 117
86 0
86 6
86 7
86 9
86 11
86 15
86 17
86 21
86 25
86 28
86 29
86 31
86 35
86 38
86 39
86 71
86 47
86 55
86 57
86 66
86 327
86 89
86 99
87 2
87 3
87 5
87 6
87 39
87 40
87 9
87 10
87 7
87 14
87 15
87 21
87 24
87 159
87 61
87 37
88 0
88 6
88 7
88 8
88 9
88 30
88 12
88 14
88 16
88 24
88 25
88 29
88 286
88 37
88 39
88 41
88 45
88 48
88 53
88 56
88 61
88 68
88 70
88 71
88 74
88 103
88 119
89 0
89 1
89 130
89 3
89 4
89 6
89 7
89 8
89 9
89 10
89 11
89 12
89 2
89 14
89 15
89 17
89 146
89 20
89 21
89 23
89 24
89 25
89 27
89 28
89 29
89 31
89 37
89 39
89 156
89 42
89 135
89 44
89 46
89 48
89 50
89 179
89 53
89 54
89 55
89 56
89 57
89 186
89 59
89 60
89 63
89 66
89 324
89 71
89 75
89 204
89 77
89 88
89 91
89 97
89 227
89 357
89 18
89 366
89 113
89 117
89 122
89 123
90 0
90 2
90 37
90 6
90 39
90 9
90 7
90 45
90 61
90 41
90 24
90 25
90 71
90 27
90 70
90 29
90 286
90 5
91 0
91 1
91 2
91 3
91 4
91 5
91 6
91 7
91 11
91 12
91 14
91 15
91 17
91 18
91 20
91 21
91 22
91 23
91 24
91 25
91 282
91 27
91 28
91 29
91 34
91 35
91 39
91 171
91 46
91 50
91 55
91 60
91 65
91 66
91 67
91 68
91 71
91 72
91 85
91 91
91 230
91 248
91 121
92 4
92 7
92 9
92 12
92 15
92 17
92 20
92 21
92 23
92 24
92 25
92 27
92 28
92 29
92 31
92 38
92 44
92 46
92 47
92 50
92 55
92 56
92 64
93 128
93 97
93 98
93 100
93 199
93 42
93 76
93 110
93 80
93 277
93 186
93 59
94 0
94 129
94 6
94 7
94 9
94 12
94 13
94 14
94 27
94 28
94 157
94 31
94 35
94 164
94 37
94 42
94 44
94 53
94 54
94 55
94 59
94 62
94 71
94 73
94 75
94 76
94 97
95 139
95 294
95 199
95 75
95 80
95 151
95 123
95 63
96 129
96 2
96 3
96 134
96 136
96 10
96 12
96 142
96 151
96 25
96 28
96 164
96 42
96 44
96 8
96 59
96 75
96 80
96 97
96 98
96 100
96 107
96 123
96 125
97 128
97 1
97 3
97 137
97 138
97 142
97 146
97 147
97 164
97 42
97 43
97 176
97 187
97 225
97 75
97 76
97 80
97 84
97 218
97 219
97 93
97 94
97 97
97 98
97 59
97 100
97 229
97 231
97 109
97 123
97 298
98 0
98 129
98 7
98 10
98 11
98 141
98 14
98 151
98 25
98 30
98 31
98 33
98 164
98 42
98 43
98 128
98 55
98 59
98 138
98 75
98 76
98 80
98 84
98 215
98 228
98 94
98 97
98 98
98 100
98 110
98 123
99 0
99 4
99 5
99 6
99 7
99 9
99 10
99 11
99 12
99 14
99 15
99 17
99 18
99 19
99 21
99 24
99 25
99 27
99 28
99 29
99 30
99 31
99 33
99 34
99 35
99 37
99 39
99 44
99 46
99 47
99 48
99 50
99 55
99 57
99 67
99 68
99 70
99 71
99 72
99 86
100 0
100 1
100 3
100 6
100 7
100 8
100 9
100 10
100 12
100 17
100 25
100 29
100 31
100 33
100 164
100 129
100 42
100 43
100 55
100 59
100 63
100 66
100 71
100 75
100 76
100 80
100 84
100 93
100 94
100 97
100 98
100 125
101 0
101 2
101 4
101 6
101 9
101 13
101 14
101 15
101 17
101 21
101 24
101 25
101 29
101 30
101 31
101 33
101 34
101 36
101 41
101 45
101 46
101 52
101 53
101 54
101 55
101 56
101 61
101 62
101 71
101 72
101 86
101 120
102 3
102 2
102 67
103 0
103 9
103 11
103 12
103 14
103 15
103 50
103 23
103 28
103 30
104 98
104 43
105 24
105 26
105 4
105 29
106 97
106 42
106 100
106 109
106 14
107 84
107 97
107 228
107 37
107 7
107 42
107 15
107 20
107 25
107 59
108 63
109 96
109 97
109 98
109 134
109 42
109 12
109 59
110 98
110 43
110 199
110 42
110 75
110 76
110 176
110 123
110 59
110 62
111 14
112 0
112 2
112 4
112 6
112 7
112 9
112 11
112 12
112 13
112 14
112 15
112 16
112 17
112 21
112 24
112 25
112 27
112 29
112 30
112 33
112 38
112 39
112 45
112 46
112 53
112 54
112 56
112 61
112 103
113 214
113 1
113 244
113 161
113 169
113 352
113 256
113 175
113 113
113 114
113 212
113 334
113 118
113 279
113 216
113 25
113 280
114 9
114 6
115 1
115 2
115 3
115 4
115 6
115 7
115 9
115 11
115 14
115 15
115 17
115 22
115 37
115 171
115 49
115 50
115 65
115 67
115 77
115 338
115 85
115 91
115 117
116 0
116 2
116 4
116 6
116 7
116 10
116 11
116 12
116 14
116 15
116 17
116 18
116 19
116 20
116 21
116 23
116 27
116 28
116 29
116 30
116 31
116 33
116 35
116 37
116 39
116 46
116 50
116 52
116 56
116 57
116 60
116 62
116 65
116 66
116 70
116 71
116 72
116 79
116 232
117 1
117 2
117 67
117 17
117 37
117 6
117 39
117 9
117 45
117 14
117 48
117 49
117 3
117 117
117 25
118 320
118 4
118 6
118 7
118 9
118 11
118 12
118 322
118 14
118 15
118 144
118 17
118 18
118 19
118 20
118 21
118 23
118 24
118 25
118 27
118 28
118 29
118 31
118 160
118 289
118 37
118 39
118 46
118 303
118 304
118 50
118 52
118 60
118 61
118 64
118 65
118 66
118 195
118 71
118 207
118 213
118 344
118 348
118 280
118 113
118 243
118 118
119 0
119 2
119 4
119 6
119 7
119 8
119 9
119 10
119 12
119 13
119 14
119 17
119 21
119 24
119 25
119 26
119 27
119 29
119 30
119 33
119 38
119 39
119 45
119 175
119 53
119 54
119 56
119 65
119 68
119 112
120 4
120 37
120 6
120 7
120 9
120 119
120 45
120 78
120 15
120 17
120 50
120 19
120 52
120 46
120 23
120 25
120 30
120 21
121 1
121 2
121 3
121 68
121 22
121 6
121 71
121 31
121 11
121 66
121 14
121 15
121 17
121 51
121 148
121 21
121 150
121 23
121 25
121 91
121 35
122 0
122 48
122 3
122 37
122 70
122 39
122 9
122 11
122 29
122 27
122 17
122 18
122 21
122 54
122 55
122 24
122 7
122 6
122 15
122 61
123 0
123 129
123 2
123 3
123 133
123 6
123 7
123 15
123 25
123 157
123 159
123 164
123 42
123 43
123 59
123 63
123 75
123 76
123 84
123 100
123 96
123 97
123 98
123 228
124 0
124 35
124 4
124 6
124 124
124 61
124 16
124 53
124 41
124 24
124 57
124 47
124 28
124 29
125 97
125 164
125 7
125 43
125 84
125 31
126 33
126 37
126 6
126 7
126 40
126 9
126 10
126 23
126 45
126 14
126 15
126 17
126 73
126 25
126 74
127 33
127 1
127 69
127 6
127 39
127 9
127 10
127 45
127 14
127 77
127 20
127 24
127 25
127 58
127 5
127 37
128 128
128 0
128 133
128 65
128 264
128 137
128 266
128 11
128 12
128 14
128 276
128 21
128 157
128 30
128 164
128 37
128 42
128 7
128 136
128 1
128 224
128 139
128 75
128 80
128 84
128 219
128 93
128 94
128 96
128 97
128 100
129 96
129 97
129 98
129 59
129 100
129 229
129 42
129 75
129 76
129 109
129 142
129 80
129 43
129 246
129 123
129 125
129 222
129 63
130 0
130 2
130 5
130 6
130 7
130 8
130 9
130 11
130 12
130 14
130 18
130 24
130 25
130 27
130 29
130 30
130 159
130 33
130 36
130 37
130 39
130 40
130 45
130 48
130 51
130 53
130 54
130 56
130 61
130 70
130 71
130 74
130 88
130 89
130 103
130 119
131 3
131 2
131 67
131 132
131 6
132 132
132 11
132 270
132 272
132 17
132 22
132 183
132 25
133 97
133 98
133 75
133 294
133 43
133 80
133 146
133 246
133 186
133 123
133 222
134 139
134 63
135 0
135 35
135 36
135 6
135 38
135 327
135 431
135 11
135 429
135 47
135 17
135 53
135 54
135 55
135 120
135 57
135 15
135 28
135 29
135 30
135 31
136 137
137 0
137 128
137 100
137 42
137 29
137 84
137 219
137 157
138 42
138 98
138 157
139 75
139 42
139 43
139 164
139 142
140 2
140 35
140 38
140 11
140 15
140 28
140 29
140 31
141 0
141 6
141 7
141 11
141 12
141 14
141 15
141 17
141 21
141 24
141 27
141 28
141 29
141 31
141 33
141 34
141 44
141 45
141 46
141 55
141 56
141 64
141 66
141 71
141 143
141 124
142 0
142 98
142 164
142 42
142 80
142 59
142 63
143 16
143 4
143 28
143 61
143 112
143 24
143 26
143 92
143 29
144 160
144 17
144 15
145 0
145 4
145 5
145 6
145 7
145 11
145 12
145 15
145 17
145 19
145 21
145 23
145 25
145 27
145 29
145 31
145 34
145 37
145 39
145 45
145 46
145 50
145 52
145 53
145 60
145 64
145 65
145 70
145 71
145 72
145 82
145 83
146 97
146 10
146 12
146 42
147 96
147 128
147 42
147 266
148 0
148 2
148 91
148 4
148 5
148 71
148 72
148 28
148 11
148 12
148 15
148 17
148 50
148 19
148 21
148 24
148 7
148 27
148 60
148 29
148 85
149 24
149 17
149 26
149 11
149 28
150 1
150 2
150 3
150 6
150 7
150 9
150 11
150 14
150 15
150 17
150 131
150 21
150 22
150 23
150 24
150 25
150 37
150 39
150 40
150 45
150 174
150 60
150 67
150 326
150 71
150 85
150 89
151 42
151 59
151 84
152 8
152 1
152 2
152 29
153 11
153 17
153 171
153 77
153 184
154 0
154 6
154 7
154 8
154 9
154 12
154 13
154 18
154 24
154 25
154 27
154 29
154 30
154 31
154 33
154 38
154 39
154 44
154 45
154 48
154 53
154 54
154 56
154 61
154 65
154 70
154 217
155 0
155 33
155 45
155 6
155 103
155 39
155 13
155 14
155 29
155 48
155 286
155 54
155 55
155 24
155 25
155 61
155 30
156 0
156 19
156 4
156 11
156 61
156 112
156 115
156 53
156 54
156 24
156 26
156 28
156 29
157 0
157 6
157 7
157 9
157 10
157 12
157 14
157 20
157 21
157 24
157 25
157 28
157 29
157 30
157 33
157 163
157 37
157 40
157 42
157 44
157 45
157 54
157 55
157 56
157 57
157 59
157 61
157 62
157 65
157 75
157 80
157 89
157 219
157 220
157 225
158 35
158 61
158 47
158 24
158 57
158 28
158 29
159 0
159 2
159 6
159 7
159 9
159 11
159 12
159 130
159 15
159 17
159 18
159 21
159 24
159 25
159 154
159 284
159 29
159 158
159 159
159 34
159 166
159 156
159 135
159 44
159 53
159 55
159 56
159 31
159 71
159 28
159 341
159 88
159 115
160 161
160 322
160 420
160 295
160 360
160 303
160 113
160 212
160 17
160 216
161 0
161 4
161 65
161 11
161 12
161 14
161 15
161 144
161 17
161 21
161 24
161 28
161 161
161 7
161 46
161 303
161 60
161 321
161 66
161 195
161 72
161 207
161 280
161 113
161 118
162 43
163 98
163 42
164 0
164 257
164 2
164 133
164 6
164 7
164 8
164 9
164 10
164 87
164 12
164 13
164 14
164 18
164 20
164 21
164 25
164 27
164 28
164 29
164 30
164 159
164 33
164 164
164 293
164 39
164 42
164 43
164 44
164 45
164 46
164 93
164 176
164 50
164 53
164 54
164 55
164 56
164 31
164 60
164 62
164 63
164 130
164 71
164 75
164 76
164 80
164 215
164 36
164 219
164 221
164 222
164 37
164 96
164 97
164 98
164 59
164 228
164 363
164 187
164 123
165 4
165 6
165 45
165 15
165 112
165 17
165 55
165 24
165 25
165 26
165 124
165 29
165 31
166 0
166 6
166 7
166 9
166 11
166 12
166 13
166 15
166 145
166 18
166 24
166 29
166 30
166 31
166 33
166 37
166 38
166 39
166 53
166 54
166 56
166 62
166 66
166 141
166 17
167 9
167 14
167 6
168 0
168 37
168 70
168 7
168 9
168 39
168 29
168 30
168 61
168 286
169 1
169 2
169 8
169 174
169 175
169 272
169 51
169 148
169 153
169 248
169 25
170 0
170 1
170 2
170 3
170 263
170 8
170 10
170 11
170 14
170 15
170 17
170 22
170 38
170 171
170 183
170 65
170 66
170 67
170 71
170 77
170 85
170 237
171 65
171 194
171 67
171 6
171 49
171 232
171 11
171 2
171 77
171 15
171 17
171 116
171 85
171 22
171 23
171 91
171 21
172 170
172 332
172 333
172 55
173 24
173 29
174 1
174 258
174 4
174 7
174 11
174 15
174 17
174 21
174 28
174 34
174 44
174 174
174 175
174 184
174 65
174 66
174 326
174 71
174 202
174 113
174 248
174 253
175 1
175 258
175 6
175 7
175 11
175 2
175 14
175 15
175 17
175 21
175 22
175 25
175 27
175 29
175 31
175 33
175 290
175 71
175 174
175 175
175 50
175 52
175 310
175 184
175 57
175 330
175 65
175 66
175 195
175 289
175 201
175 202
175 77
175 46
175 113
175 253
176 97
176 283
176 100
176 59
177 98
178 0
178 97
178 6
178 42
178 84
178 157
179 134
180 9
180 14
180 6
180 15
181 1
182 42
182 84
182 186
183 1
183 2
183 3
183 51
183 67
183 49
183 131
183 91
184 256
184 1
184 323
184 326
184 289
184 169
184 175
184 343
184 248
184 25
185 0
185 37
185 70
185 7
185 9
185 74
185 11
185 56
185 24
185 6
185 29
185 30
186 97
186 42
186 59
186 98
186 63
187 97
187 98
187 59
187 42
188 133
188 134
189 9
189 14
189 45
189 6
190 0
190 33
190 37
190 38
190 39
190 9
190 10
190 11
190 13
190 45
190 56
190 55
190 24
190 25
190 29
190 286
191 42
191 59
192 6
192 40
192 9
192 74
192 14
192 17
192 87
193 11
193 49
193 67
193 241
194 170
195 161
195 66
195 331
195 113
195 6
195 7
195 11
195 15
195 17
195 18
195 21
195 118
195 216
195 25
195 346
195 29
196 0
196 37
196 39
196 9
196 74
196 7
196 14
196 53
196 55
196 24
196 29
197 0
197 18
197 44
198 35
198 38
198 6
198 61
198 54
198 57
198 47
198 28
198 29
199 104
199 63
199 182
199 283
199 94
199 95
200 24
200 112
200 26
200 11
200 29
201 202
201 15
202 248
202 1
202 255
202 342
202 175
203 0
203 257
203 386
203 387
203 7
203 9
203 11
203 12
203 398
203 15
203 400
203 17
203 19
203 20
203 21
203 410
203 411
203 28
203 29
203 41
203 299
203 300
203 46
203 50
203 71
203 203
203 204
203 89
203 227
203 368
203 242
203 372
203 374
203 405
204 0
204 227
204 374
204 12
204 9
204 11
204 396
204 46
204 15
204 368
204 17
204 50
204 20
204 21
204 203
204 299
204 29
204 383
205 40
205 9
205 10
205 45
205 6
206 161
207 195
207 68
207 295
207 11
207 239
207 207
207 335
207 208
207 17
207 244
207 25
207 24
207 212
207 15
207 216
208 17
208 11
209 312
209 400
209 66
209 242
210 2
210 6
211 3
211 22
212 80
212 161
212 195
212 118
212 25
213 320
213 207
213 195
213 214
213 7
214 24
214 17
214 161
214 118
214 7
215 33
215 37
215 39
215 9
215 10
215 17
215 24
215 29
216 66
216 6
216 7
216 11
216 46
216 15
216 17
216 243
216 52
216 213
216 118
216 60
216 29
217 0
217 36
217 37
217 70
217 7
217 9
217 24
217 56
217 30
217 31
218 25
218 63
218 6
218 97
219 128
219 1
219 59
219 164
219 42
219 80
219 84
219 219
220 42
221 84
222 129
222 43
222 97
222 134
222 199
222 95
222 75
222 109
222 59
222 42
222 63
223 98
224 89
224 42
224 98
224 9
225 97
225 229
225 294
225 63
225 42
225 75
225 95
225 59
225 133
226 0
226 157
227 0
227 387
227 6
227 7
227 9
227 11
227 44
227 46
227 15
227 17
227 242
227 20
227 374
227 89
228 129
228 98
228 59
228 9
228 42
228 12
228 109
228 76
228 123
228 28
228 63
229 128
229 42
229 59
229 98
230 91
231 7
231 11
231 12
231 15
231 17
231 143
232 2
232 171
232 71
232 11
232 77
232 15
232 17
232 116
232 21
232 22
232 55
233 71
233 207
233 17
233 50
233 86
233 15
234 1
234 77
234 271
235 0
235 65
235 34
235 37
235 7
235 66
235 45
235 17
235 21
235 15
235 31
236 17
236 3
236 238
236 183
237 67
237 171
237 77
237 15
237 11
237 183
237 24
238 11
238 247
238 77
238 117
239 65
239 322
239 11
239 15
239 17
239 207
240 164
241 17
241 170
241 115
241 172
241 46
242 203
242 388
242 6
242 369
242 11
242 364
242 21
242 46
242 15
242 17
242 50
242 20
242 309
242 374
242 407
242 312
242 52
242 380
242 7
242 383
243 113
243 303
243 17
244 17
244 195
244 243
244 207
245 241
245 67
245 260
245 237
246 33
246 98
246 109
246 97
247 2
247 3
247 236
247 262
248 0
248 65
248 34
248 25
248 7
248 72
248 202
248 71
248 12
248 66
248 174
248 15
248 17
248 50
248 20
248 85
248 23
248 184
248 289
248 248
248 253
249 175
250 1
251 193
251 259
251 77
251 15
252 194
252 3
252 77
253 290
253 67
253 330
253 174
253 175
253 184
253 248
253 25
253 202
253 255
254 11
255 248
255 15
255 253
255 175
256 66
256 17
256 202
256 174
256 15
256 113
256 21
256 184
257 0
257 257
257 34
257 65
257 7
257 9
257 10
257 11
257 45
257 15
257 17
257 20
257 21
257 42
257 31
258 248
258 255
259 49
260 1
260 2
260 232
260 172
260 271
260 115
260 245
260 153
260 31
261 67
261 77
261 247
262 49
262 77
263 77
263 15
264 164
264 80
264 17
264 63
264 94
264 159
265 3
266 80
266 128
266 219
266 147
266 277
267 0
267 4
267 15
267 112
267 56
267 55
267 24
267 26
267 29
268 2
268 269
269 115
270 271
271 328
271 356
271 170
271 236
272 169
272 11
272 7
273 7
273 65
273 11
273 22
273 17
274 3
275 0
275 164
275 13
275 6
276 80
276 128
277 128
277 136
277 94
278 17
279 17
280 6
280 7
280 72
280 11
280 15
280 17
280 71
280 27
281 11
281 303
282 91
283 42
283 43
283 98
284 25
284 30
284 38
285 286
286 57
286 35
286 28
286 47
287 288
287 24
287 26
288 57
288 35
288 28
289 113
289 11
289 6
289 17
290 272
290 350
291 0
291 37
291 7
291 9
291 39
291 61
291 24
291 25
291 29
292 11
293 63
294 98
294 139
294 226
294 95
295 195
295 118
295 239
296 229
297 42
298 59
298 76
299 64
299 65
299 4
299 33
299 400
299 9
299 11
299 50
299 46
299 15
299 368
299 17
299 242
299 383
299 20
299 21
299 408
299 367
299 31
300 384
300 385
300 227
300 388
300 327
300 412
300 11
300 17
300 371
300 21
300 311
300 395
301 227
301 7
301 11
301 204
301 15
301 17
301 376
302 17
302 34
303 160
303 161
303 66
303 195
303 113
303 15
303 11
303 175
303 304
303 17
303 303
303 207
303 351
304 65
304 6
304 321
304 7
304 15
304 17
304 50
305 15
306 24
307 0
307 25
307 29
307 56
308 28
308 29
308 47
309 385
309 66
309 387
309 327
309 9
309 11
309 12
309 15
309 17
309 20
309 21
309 374
309 404
310 21
310 71
311 203
311 388
311 11
311 17
311 227
311 372
311 312
311 29
312 209
312 203
312 413
312 299
312 409
313 11
313 21
313 15
314 28
315 0
316 11
316 278
317 16
317 39
317 61
317 112
317 24
317 26
317 28
317 29
318 17
318 29
319 15
320 17
320 195
320 118
320 303
321 322
321 195
321 214
322 320
322 322
322 11
322 66
322 15
322 19
323 184
323 4
323 15
324 321
324 213
324 325
324 207
325 212
326 2
326 15
326 174
326 7
327 7
327 9
327 11
327 12
327 15
327 17
327 20
327 21
327 31
327 38
327 300
327 46
327 50
327 309
327 66
327 327
327 203
327 204
327 79
327 336
327 364
327 368
327 369
327 242
327 377
328 28
329 253
330 248
330 11
331 195
331 212
331 159
332 333
333 241
333 237
333 262
334 89
335 0
335 7
336 384
336 11
336 203
337 2
338 1
338 67
339 11
339 339
340 47
341 11
341 17
341 207
341 15
341 7
342 17
342 34
343 248
343 174
344 295
345 320
346 347
347 348
348 161
348 195
348 244
348 118
349 6
350 175
351 17
352 17
353 20
354 355
355 17
355 355
356 17
356 15
357 358
358 89
358 11
359 11
360 303
361 128
362 17
363 95
364 386
364 35
364 41
364 11
364 366
364 15
364 17
364 372
365 204
366 89
366 15
366 300
366 390
366 367
367 209
367 378
367 300
368 0
368 394
368 20
368 50
368 327
369 17
369 50
369 11
370 11
370 21
371 204
371 299
371 300
371 17
371 50
371 372
371 21
371 311
372 0
372 312
372 396
372 380
373 312
373 204
374 0
374 50
374 21
374 374
374 55
374 31
375 311
376 364
376 311
377 203
377 29
378 204
379 312
379 301
380 384
380 203
380 299
380 401
380 20
380 21
381 380
382 380
383 384
383 203
383 300
383 367
383 336
383 50
384 336
384 312
384 204
385 386
385 364
385 368
385 242
385 20
385 312
386 312
386 17
386 242
386 15
387 64
387 227
387 203
387 14
387 15
387 312
388 50
388 12
388 203
388 364
388 402
388 15
388 11
388 17
388 242
388 312
388 299
389 327
390 327
391 392
392 393
393 11
393 204
394 0
394 15
395 312
395 204
395 311
396 204
396 300
396 309
396 406
397 388
397 204
398 15
398 327
399 388
400 300
400 380
400 397
401 9
401 17
402 403
402 21
403 400
404 312
404 24
404 227
404 301
404 7
405 9
406 312
406 227
407 312
408 384
408 395
409 0
410 309
411 300
412 368
413 0
413 371
414 17
415 17
416 17
417 17
418 66
419 63
420 195
421 203
422 118
423 260
424 75
425 195
426 26
427 26
428 28
428 431
429 28
430 28
431 57
431 28
432 28
432 47
433 11
434 47
435 9
436 0
436 38
436 231
437 0
437 33
437 37
438 9
438 159
438 37
438 39
438 7
439 24
439 29
440 26
441 31
442 24
442 61
443 55
444 6
445 24
445 26
446 56
446 55
447 55
448 29
449 24
450 11
450 15
451 55
452 28
452 53
453 37
454 0
455 9
456 28
456 47
457 56
457 7
458 11
459 0
460 11
461 6
462 31
463 0
463 14
464 28
465 28
465 55
466 55
467 55
468 7
469 118
470 29
471 175
