0	1
0	2
0	5
0	6
0	8
0	12
0	13
0	14
0	15
0	20
0	26
0	28
0	29
0	33
0	34
0	35
0	37
0	38
0	40
0	42
0	46
0	48
0	51
0	53
0	54
0	56
0	58
0	59
0	66
0	69
0	70
0	72
0	76
0	81
0	95
0	96
0	98
0	104
0	117
0	122
0	134
0	135
0	137
0	138
0	144
0	146
0	153
0	159
0	161
0	162
0	180
0	194
0	199
0	202
0	208
0	210
0	212
0	213
0	216
0	218
0	222
0	224
0	230
0	235
0	244
0	256
0	257
0	258
0	260
0	264
0	270
0	271
0	272
0	277
0	281
0	283
0	305
0	313
0	324
0	328
0	332
0	333
0	334
0	340
0	343
0	346
0	347
0	348
0	352
0	359
0	364
0	365
0	366
0	369
0	371
0	375
0	383
0	386
0	388
0	390
0	397
0	401
0	402
0	416
0	418
0	428
0	435
0	436
0	439
0	443
0	444
0	445
0	448
0	449
0	457
0	458
0	460
0	466
0	469
1	6
1	10
1	12
1	14
1	16
1	30
1	40
1	50
1	56
1	58
1	64
1	65
1	67
1	70
1	90
1	92
1	94
1	102
1	130
1	144
1	148
1	151
1	161
1	168
1	169
1	174
1	180
1	194
1	197
1	204
1	208
1	214
1	216
1	234
1	240
1	257
1	258
1	266
1	278
1	280
1	282
1	292
1	294
1	296
1	312
1	320
1	328
1	336
1	348
1	349
1	352
1	362
1	376
1	386
1	387
1	390
1	400
1	402
1	406
1	416
1	466
1	506
2	1
2	4
2	11
2	13
2	15
2	16
2	24
2	38
2	48
2	50
2	55
2	64
2	66
2	68
2	76
2	80
2	81
2	88
2	107
2	108
2	113
2	115
2	136
2	137
2	149
2	152
2	156
2	157
2	161
2	163
2	165
2	173
2	183
2	184
2	193
2	200
2	201
2	228
2	230
2	244
2	245
2	261
2	265
2	273
2	280
2	281
2	289
2	305
2	310
2	312
2	320
2	323
2	333
2	334
2	344
2	358
2	376
2	380
2	381
2	384
2	385
2	388
2	395
2	404
2	413
2	421
2	424
2	428
2	437
2	444
2	457
2	465
2	468
2	472
2	473
2	475
2	476
2	480
2	497
2	508
3	8
3	20
3	24
3	28
3	44
3	50
3	56
3	64
3	69
3	72
3	113
3	124
3	125
3	129
3	132
3	135
3	188
3	190
3	194
3	200
3	228
3	242
3	264
3	276
3	280
3	285
3	292
3	316
3	320
3	322
3	328
3	333
3	340
3	348
3	352
3	361
3	365
3	372
3	386
3	388
3	396
3	400
3	408
3	416
3	432
3	448
3	460
3	464
3	504
4	1
4	8
4	16
4	18
4	22
4	30
4	33
4	35
4	37
4	39
4	50
4	66
4	73
4	74
4	83
4	88
4	98
4	99
4	109
4	112
4	129
4	133
4	137
4	139
4	145
4	146
4	152
4	166
4	168
4	169
4	171
4	193
4	194
4	204
4	208
4	209
4	211
4	226
4	232
4	245
4	247
4	266
4	274
4	275
4	276
4	280
4	282
4	288
4	293
4	297
4	298
4	299
4	305
4	320
4	324
4	352
4	353
4	361
4	362
4	369
4	387
4	395
4	400
4	401
4	408
4	418
4	432
4	442
4	451
4	457
4	474
4	490
4	491
5	2
5	4
5	8
5	10
5	16
5	18
5	19
5	20
5	26
5	40
5	48
5	52
5	82
5	91
5	97
5	112
5	114
5	122
5	127
5	147
5	152
5	156
5	162
5	185
5	186
5	188
5	193
5	209
5	215
5	232
5	256
5	258
5	266
5	274
5	290
5	298
5	306
5	330
5	336
5	365
5	392
5	396
5	400
5	404
5	409
5	424
5	450
5	456
6	12
6	16
6	32
6	45
6	49
6	64
6	92
6	96
6	97
6	144
6	172
6	177
6	201
6	216
6	237
6	256
6	259
6	288
6	296
6	305
6	313
6	321
6	344
6	352
6	385
6	388
6	389
6	418
6	469
6	488
7	27
7	48
7	104
7	128
7	152
7	216
7	296
7	303
7	313
7	316
7	332
7	336
7	380
7	400
7	432
7	440
7	448
7	460
7	482
7	496
8	2
8	3
8	4
8	20
8	23
8	34
8	38
8	54
8	59
8	66
8	70
8	87
8	104
8	112
8	118
8	128
8	132
8	133
8	134
8	143
8	150
8	158
8	160
8	164
8	192
8	193
8	209
8	211
8	224
8	227
8	245
8	259
8	260
8	275
8	279
8	288
8	291
8	306
8	320
8	324
8	336
8	338
8	340
8	352
8	358
8	366
8	374
8	384
8	388
8	391
8	396
8	405
8	415
8	416
8	433
8	438
8	448
8	461
8	465
8	472
8	480
8	481
9	0
9	2
9	6
9	19
9	20
9	36
9	38
9	44
9	54
9	66
9	68
9	82
9	102
9	108
9	116
9	130
9	132
9	162
9	184
9	196
9	198
9	208
9	210
9	217
9	240
9	256
9	263
9	290
9	292
9	307
9	320
9	324
9	338
9	342
9	388
9	408
9	432
9	440
9	466
9	506
10	0
10	17
10	24
10	59
10	64
10	76
10	82
10	96
10	117
10	144
10	148
10	160
10	180
10	193
10	194
10	205
10	208
10	226
10	230
10	273
10	289
10	292
10	307
10	320
10	352
10	354
10	364
10	388
10	436
10	444
10	468
10	492
10	500
11	12
11	16
11	33
11	52
11	56
11	58
11	64
11	66
11	69
11	80
11	96
11	132
11	148
11	160
11	182
11	245
11	264
11	276
11	305
11	310
11	324
11	326
11	336
11	340
11	352
11	356
11	368
11	404
11	436
11	448
11	472
11	500
12	0
12	18
12	34
12	35
12	52
12	55
12	66
12	78
12	100
12	137
12	150
12	160
12	162
12	179
12	224
12	250
12	259
12	273
12	274
12	275
12	294
12	298
12	304
12	322
12	354
12	368
12	385
12	387
12	402
12	407
12	433
12	435
12	449
13	0
13	5
13	8
13	16
13	38
13	49
13	66
13	88
13	112
13	114
13	190
13	192
13	198
13	210
13	224
13	256
13	272
13	274
13	280
13	290
13	343
13	392
13	400
13	410
13	426
13	459
13	466
14	0
14	16
14	32
14	33
14	43
14	100
14	155
14	176
14	185
14	192
14	256
14	257
14	272
14	274
14	276
14	307
14	321
14	328
14	368
14	417
14	432
14	465
15	83
15	192
15	256
15	340
15	346
15	384
15	401
15	417
15	432
15	433
16	0
16	1
16	10
16	13
16	14
16	15
16	17
16	18
16	28
16	31
16	33
16	34
16	35
16	40
16	55
16	59
16	64
16	69
16	78
16	96
16	100
16	102
16	103
16	107
16	123
16	128
16	132
16	133
16	141
16	148
16	164
16	194
16	196
16	197
16	200
16	213
16	223
16	229
16	230
16	241
16	243
16	253
16	256
16	257
16	258
16	259
16	266
16	267
16	288
16	289
16	290
16	293
16	297
16	300
16	319
16	321
16	324
16	326
16	329
16	331
16	345
16	355
16	378
16	386
16	387
16	389
16	392
16	450
16	463
16	480
16	483
17	4
17	6
17	10
17	15
17	26
17	34
17	38
17	44
17	48
17	54
17	67
17	74
17	96
17	97
17	104
17	148
17	165
17	200
17	201
17	208
17	215
17	230
17	231
17	236
17	237
17	259
17	260
17	262
17	268
17	294
17	296
17	320
17	328
17	330
17	349
17	355
17	361
17	384
17	391
17	421
17	449
17	451
17	456
17	458
17	481
17	486
18	0
18	1
18	8
18	12
18	24
18	40
18	46
18	47
18	64
18	68
18	69
18	80
18	92
18	141
18	142
18	157
18	160
18	161
18	164
18	165
18	192
18	244
18	260
18	288
18	293
18	300
18	326
18	329
18	347
18	357
18	360
18	370
18	384
18	389
18	392
18	393
18	448
18	451
18	465
18	475
19	40
19	65
19	68
19	88
19	104
19	108
19	116
19	132
19	195
19	196
19	204
19	226
19	262
19	272
19	328
19	334
19	384
19	390
19	428
19	450
19	484
20	2
20	3
20	11
20	13
20	16
20	18
20	31
20	35
20	41
20	55
20	72
20	77
20	104
20	130
20	160
20	168
20	169
20	194
20	216
20	250
20	256
20	257
20	259
20	272
20	274
20	289
20	290
20	291
20	308
20	346
20	354
20	385
20	386
20	411
20	425
20	426
20	480
20	494
21	2
21	14
21	32
21	34
21	74
21	75
21	157
21	161
21	164
21	195
21	212
21	216
21	256
21	267
21	274
21	289
21	296
21	304
21	328
22	0
22	2
22	8
22	13
22	21
22	26
22	31
22	32
22	33
22	43
22	53
22	72
22	88
22	96
22	101
22	136
22	173
22	175
22	203
22	228
22	241
22	289
22	322
22	329
22	352
22	385
22	386
22	411
22	416
22	421
22	427
22	440
23	0
23	10
23	14
23	32
23	132
23	136
23	140
23	208
23	224
23	261
23	320
23	368
23	388
23	392
23	397
23	408
23	457
23	474
23	480
24	9
24	34
24	37
24	46
24	64
24	71
24	87
24	96
24	98
24	100
24	102
24	129
24	130
24	153
24	162
24	167
24	169
24	173
24	195
24	208
24	209
24	228
24	229
24	236
24	245
24	289
24	290
24	294
24	317
24	336
24	363
24	384
24	422
24	452
24	454
24	480
24	486
24	488
25	6
25	7
25	56
25	68
25	69
25	70
25	72
25	106
25	161
25	165
25	166
25	180
25	194
25	224
25	228
25	234
25	256
25	288
25	294
25	320
25	324
25	370
25	372
25	384
25	391
25	404
25	418
26	0
26	1
26	8
26	12
26	36
26	49
26	64
26	73
26	76
26	81
26	86
26	97
26	107
26	132
26	144
26	168
26	192
26	196
26	257
26	261
26	264
26	269
26	276
26	277
26	302
26	317
26	322
26	369
26	389
26	417
26	436
27	20
27	84
27	101
27	192
27	228
27	324
27	386
27	420
27	481
28	1
28	10
28	37
28	42
28	65
28	151
28	258
28	317
28	331
28	393
28	416
28	418
28	423
28	490
28	504
29	1
29	4
29	35
29	64
29	72
29	74
29	100
29	116
29	128
29	129
29	136
29	144
29	160
29	163
29	174
29	256
29	257
29	290
29	305
29	312
30	0
30	4
30	12
30	34
30	36
30	128
30	129
30	226
30	236
30	257
30	449
30	463
31	17
31	74
31	128
31	224
31	456
32	2
32	8
32	16
32	22
32	25
32	43
32	71
32	76
32	82
32	85
32	88
32	90
32	98
32	106
32	113
32	121
32	132
32	134
32	135
32	136
32	137
32	138
32	148
32	154
32	155
32	166
32	209
32	213
32	218
32	220
32	237
32	251
32	258
32	260
32	262
32	265
32	272
32	274
32	275
32	282
32	292
32	320
32	321
32	328
32	339
32	340
32	343
32	344
32	367
32	384
32	386
32	391
32	392
32	393
32	403
32	406
32	408
32	421
32	425
32	435
32	444
32	450
32	451
32	454
32	457
32	458
32	466
32	468
32	473
32	474
32	477
32	496
32	506
32	508
33	18
33	39
33	62
33	80
33	132
33	160
33	193
33	207
33	212
33	228
33	262
33	290
33	314
33	320
33	324
33	330
33	338
33	340
33	372
33	392
33	402
33	438
33	457
33	476
34	0
34	5
34	9
34	17
34	32
34	65
34	70
34	72
34	81
34	84
34	95
34	112
34	117
34	130
34	144
34	145
34	147
34	152
34	157
34	169
34	203
34	225
34	234
34	241
34	245
34	258
34	260
34	268
34	273
34	304
34	332
34	376
34	385
34	397
34	428
34	431
34	453
34	460
34	461
34	471
34	472
35	76
35	88
35	136
35	144
35	148
35	198
35	201
35	203
35	205
35	216
35	256
35	269
35	272
35	282
35	328
35	334
35	340
35	346
35	348
35	388
35	400
35	408
35	448
35	462
36	0
36	10
36	13
36	16
36	18
36	19
36	25
36	65
36	66
36	67
36	70
36	73
36	125
36	129
36	139
36	144
36	153
36	154
36	187
36	188
36	199
36	216
36	219
36	227
36	259
36	260
36	265
36	272
36	274
36	281
36	282
36	316
36	322
36	336
36	386
36	387
36	448
36	449
36	451
36	457
36	458
36	470
36	482
37	8
37	24
37	67
37	94
37	112
37	132
37	156
37	168
37	170
37	184
37	192
37	248
37	249
37	266
37	274
37	282
37	290
37	310
37	392
37	456
38	11
38	58
38	64
38	69
38	72
38	144
38	200
38	236
38	256
38	273
38	285
38	312
38	322
38	332
38	341
38	345
38	432
38	436
38	452
38	456
39	2
39	89
39	94
39	120
39	140
39	202
39	208
39	258
39	262
39	298
39	321
39	336
39	344
39	402
39	408
39	466
40	0
40	2
40	5
40	19
40	71
40	74
40	75
40	80
40	82
40	85
40	86
40	87
40	93
40	95
40	103
40	118
40	129
40	132
40	133
40	195
40	196
40	198
40	208
40	209
40	217
40	260
40	262
40	263
40	277
40	294
40	306
40	310
40	322
40	325
40	336
40	355
40	384
40	387
40	400
40	402
40	449
40	452
40	453
40	470
40	502
41	0
41	4
41	6
41	16
41	20
41	21
41	23
41	24
41	66
41	70
41	101
41	128
41	130
41	146
41	157
41	176
41	194
41	212
41	214
41	240
41	274
41	322
41	346
41	384
41	388
42	24
42	33
42	37
42	64
42	65
42	66
42	96
42	115
42	132
42	133
42	144
42	147
42	160
42	208
42	273
42	284
42	288
42	293
42	294
42	322
42	350
42	384
42	393
42	401
42	448
42	481
43	0
43	108
43	200
43	224
43	236
43	260
43	329
43	337
43	340
43	400
43	408
44	0
44	3
44	6
44	18
44	23
44	33
44	48
44	52
44	65
44	67
44	72
44	80
44	99
44	129
44	138
44	146
44	194
44	200
44	214
44	256
44	266
44	273
44	299
44	322
44	324
44	328
44	384
44	385
44	408
44	450
44	464
44	473
44	477
45	50
45	64
45	112
45	122
45	144
45	265
45	266
45	321
45	328
45	460
46	2
46	80
46	129
46	136
46	148
46	273
46	279
46	337
46	361
46	385
46	416
46	432
46	461
47	0
47	16
47	65
47	224
47	400
48	1
48	8
48	17
48	20
48	21
48	24
48	33
48	45
48	68
48	74
48	78
48	80
48	84
48	106
48	110
48	128
48	129
48	135
48	136
48	140
48	170
48	192
48	202
48	205
48	231
48	238
48	258
48	324
48	325
48	355
48	366
48	369
48	386
48	396
48	465
49	8
49	18
49	24
49	34
49	69
49	80
49	106
49	128
49	134
49	192
49	194
49	198
49	256
49	260
49	262
49	264
49	268
49	324
49	377
49	390
49	392
49	398
49	452
49	456
50	1
50	8
50	12
50	64
50	68
50	73
50	79
50	87
50	133
50	257
50	264
50	297
50	324
50	357
50	385
50	387
50	472
50	473
51	34
51	72
51	104
51	140
51	195
51	325
51	328
51	332
51	333
51	408
51	489
52	9
52	10
52	36
52	72
52	74
52	75
52	76
52	83
52	110
52	132
52	136
52	140
52	200
52	235
52	258
52	265
52	280
52	306
52	308
52	334
52	335
52	393
52	400
52	450
52	451
53	10
53	64
53	72
53	137
53	152
53	160
53	194
53	248
53	257
53	280
53	321
54	0
54	1
54	8
54	13
54	60
54	65
54	73
54	145
54	200
54	201
54	256
54	265
54	320
54	328
54	393
54	431
55	32
55	200
55	261
55	400
56	0
56	2
56	4
56	16
56	38
56	53
56	64
56	80
56	100
56	128
56	135
56	149
56	164
56	167
56	195
56	196
56	213
56	259
56	260
56	261
56	274
56	321
56	323
56	324
56	341
56	380
56	385
56	387
56	398
56	448
56	449
56	451
56	484
56	487
57	18
57	130
57	133
57	192
57	194
57	228
57	258
57	277
57	288
57	320
57	370
57	386
57	482
58	4
58	5
58	64
58	69
58	71
58	128
58	197
58	207
58	292
58	293
58	321
58	324
58	448
58	452
59	4
59	86
59	198
59	212
60	0
60	2
60	18
60	34
60	145
60	194
60	197
60	199
60	300
60	321
60	497
61	64
61	130
61	258
61	324
61	352
61	400
62	4
62	197
62	320
63	257
63	285
63	298
63	320
63	340
63	386
64	0
64	3
64	4
64	5
64	21
64	25
64	33
64	34
64	35
64	41
64	42
64	44
64	46
64	51
64	53
64	55
64	60
64	61
64	63
64	79
64	93
64	97
64	123
64	129
64	133
64	134
64	140
64	144
64	146
64	156
64	157
64	158
64	160
64	162
64	170
64	171
64	180
64	182
64	189
64	194
64	219
64	250
64	256
64	273
64	277
64	281
64	285
64	286
64	289
64	290
64	296
64	299
64	301
64	304
64	305
64	309
64	313
64	322
64	323
64	329
64	331
64	332
64	334
64	350
64	368
64	372
64	377
64	384
64	385
64	390
64	392
64	393
64	395
64	399
64	416
64	417
64	418
64	419
64	420
64	426
64	433
64	441
64	444
64	464
64	478
64	500
64	503
65	0
65	4
65	9
65	12
65	14
65	16
65	24
65	32
65	38
65	40
65	48
65	52
65	91
65	100
65	105
65	122
65	128
65	132
65	134
65	152
65	154
65	160
65	166
65	167
65	173
65	176
65	178
65	179
65	184
65	193
65	249
65	258
65	270
65	278
65	282
65	286
65	293
65	303
65	352
65	389
65	392
65	416
65	417
65	424
65	492
65	504
66	12
66	13
66	16
66	20
66	24
66	28
66	33
66	36
66	37
66	49
66	56
66	76
66	116
66	125
66	128
66	129
66	130
66	160
66	178
66	180
66	189
66	212
66	241
66	258
66	259
66	260
66	261
66	265
66	271
66	312
66	313
66	385
66	388
66	389
66	393
66	422
66	425
66	436
66	441
66	445
66	448
66	451
66	460
67	10
67	25
67	60
67	66
67	100
67	132
67	140
67	149
67	168
67	193
67	256
67	260
67	292
67	310
67	312
67	316
67	317
67	393
67	400
67	456
67	461
67	488
68	8
68	16
68	20
68	24
68	25
68	35
68	41
68	44
68	48
68	55
68	103
68	107
68	128
68	136
68	149
68	154
68	157
68	160
68	185
68	224
68	228
68	240
68	248
68	259
68	264
68	273
68	283
68	296
68	301
68	315
68	321
68	400
68	413
68	416
68	418
68	425
68	428
68	443
69	16
69	42
69	59
69	152
69	154
69	156
69	176
69	177
69	258
69	290
69	304
69	386
69	387
69	424
69	432
69	440
70	0
70	9
70	13
70	17
70	24
70	41
70	45
70	49
70	169
70	173
70	194
70	232
70	241
70	256
70	272
70	273
70	277
70	281
70	282
70	288
70	321
70	324
70	384
70	408
70	409
70	418
70	480
71	110
71	128
71	145
71	168
71	195
71	216
71	233
71	240
71	268
71	280
71	336
71	408
71	418
71	441
72	12
72	21
72	33
72	37
72	48
72	52
72	96
72	129
72	149
72	157
72	199
72	256
72	264
72	309
72	315
72	324
72	342
72	355
72	386
72	387
72	389
72	396
72	418
72	422
72	424
72	445
72	455
72	467
72	480
72	497
73	14
73	32
73	44
73	50
73	54
73	61
73	75
73	86
73	98
73	105
73	112
73	131
73	166
73	182
73	245
73	258
73	260
73	276
73	303
73	306
73	402
73	404
73	436
74	8
74	32
74	37
74	52
74	54
74	100
74	112
74	128
74	129
74	134
74	148
74	167
74	242
74	260
74	261
74	264
74	288
74	305
74	397
74	403
74	420
74	425
74	433
75	17
75	38
75	50
75	55
75	56
75	82
75	148
75	181
75	256
75	436
75	497
76	0
76	1
76	2
76	11
76	21
76	32
76	34
76	43
76	48
76	56
76	67
76	97
76	139
76	161
76	163
76	257
76	258
76	266
76	280
76	304
76	384
76	387
76	403
76	419
76	472
77	16
77	41
77	144
77	227
77	240
77	292
77	304
77	386
77	398
78	0
78	16
78	25
78	48
78	141
78	146
78	176
78	177
78	178
78	257
78	288
78	354
78	402
79	8
79	35
79	56
79	64
79	176
79	186
79	272
80	0
80	5
80	6
80	9
80	10
80	32
80	33
80	35
80	45
80	46
80	48
80	129
80	130
80	134
80	146
80	163
80	171
80	174
80	206
80	230
80	261
80	277
80	282
80	298
80	300
80	320
80	339
80	352
80	363
80	384
80	392
80	395
80	400
80	406
80	421
80	425
80	427
80	455
81	4
81	7
81	8
81	10
81	32
81	54
81	98
81	103
81	134
81	137
81	146
81	170
81	227
81	258
81	261
81	264
81	290
81	292
81	297
81	304
81	316
81	391
81	402
81	416
81	418
81	419
81	436
81	438
81	458
82	4
82	8
82	10
82	20
82	33
82	36
82	40
82	64
82	100
82	116
82	129
82	164
82	170
82	172
82	228
82	256
82	260
82	265
82	269
82	297
82	308
82	384
82	388
82	422
82	425
82	484
83	8
83	10
83	44
83	57
83	72
83	96
83	104
83	204
83	256
83	270
83	277
83	305
83	400
83	416
83	456
84	3
84	24
84	41
84	115
84	134
84	136
84	160
84	195
84	259
84	264
84	265
84	266
84	267
84	272
84	297
84	307
84	323
84	343
84	417
84	423
84	427
84	450
85	2
85	7
85	10
85	20
85	106
85	192
85	256
85	268
85	324
85	331
85	384
85	386
85	394
85	481
86	0
86	1
86	16
86	19
86	128
86	138
86	178
86	224
86	258
86	261
86	265
86	273
87	36
87	40
87	264
87	312
87	384
88	0
88	19
88	25
88	37
88	39
88	44
88	71
88	130
88	132
88	136
88	148
88	169
88	181
88	258
88	259
88	263
88	288
88	290
88	309
88	324
88	363
88	385
88	416
88	418
88	491
89	10
89	38
89	46
89	51
89	132
89	164
89	178
89	264
89	418
90	5
90	32
90	41
90	128
90	130
90	133
90	161
90	256
90	263
90	292
90	393
90	404
91	164
91	181
91	192
91	288
91	384
92	32
92	33
92	65
92	102
92	129
92	178
92	258
92	288
92	296
92	354
92	396
92	419
92	431
93	260
93	320
93	386
93	431
94	1
94	162
94	400
94	417
95	0
95	128
95	404
96	1
96	5
96	10
96	11
96	16
96	24
96	27
96	35
96	38
96	65
96	74
96	82
96	92
96	96
96	106
96	125
96	130
96	131
96	132
96	140
96	149
96	157
96	171
96	174
96	198
96	235
96	260
96	266
96	267
96	272
96	273
96	274
96	275
96	276
96	277
96	282
96	283
96	329
96	394
96	419
96	490
97	0
97	2
97	3
97	10
97	30
97	53
97	68
97	94
97	128
97	139
97	146
97	149
97	155
97	158
97	194
97	256
97	258
97	262
97	274
97	310
97	340
97	384
97	402
97	404
97	440
97	472
98	2
98	16
98	21
98	80
98	131
98	133
98	134
98	136
98	144
98	148
98	152
98	155
98	159
98	193
98	260
98	272
98	277
98	291
98	388
98	393
98	404
98	411
99	0
99	1
99	12
99	36
99	130
99	136
99	212
99	256
99	264
99	273
99	384
99	468
100	9
100	11
100	129
100	147
100	152
100	219
100	257
100	329
100	370
100	386
100	394
100	444
100	451
101	0
101	2
101	65
101	88
101	162
101	178
101	202
101	264
101	282
101	283
101	288
101	410
101	424
101	458
102	16
102	20
102	28
102	137
102	264
102	269
102	297
102	309
103	0
103	2
103	88
103	212
103	261
103	264
103	296
103	360
103	410
104	2
104	4
104	20
104	71
104	142
104	145
104	148
104	151
104	162
104	272
104	278
104	291
104	321
104	384
104	399
104	400
104	406
104	418
104	423
105	12
105	21
105	23
105	52
105	60
105	131
105	133
105	180
105	280
105	301
105	336
105	408
105	470
105	492
106	5
106	17
106	132
106	133
106	145
106	205
106	265
106	268
106	321
106	387
106	389
106	391
106	401
106	448
107	4
107	54
107	86
107	146
107	148
107	272
107	320
107	400
107	448
107	502
108	17
108	18
108	34
108	66
108	67
108	152
108	178
108	194
108	211
108	256
108	269
108	384
108	398
108	400
109	16
109	131
109	144
109	147
109	386
110	9
110	256
110	261
110	265
110	385
110	400
111	16
111	128
111	144
111	288
111	384
112	0
112	1
112	2
112	3
112	7
112	8
112	45
112	54
112	65
112	69
112	76
112	137
112	154
112	209
112	258
112	259
112	269
112	322
112	385
112	389
112	407
113	20
113	65
113	66
113	69
113	148
113	154
113	232
113	274
113	297
113	328
113	396
113	420
114	0
114	1
114	4
114	5
114	20
114	33
114	57
114	70
114	128
114	140
114	148
114	176
114	201
114	259
114	409
115	4
115	128
115	257
115	272
115	320
116	0
116	8
116	9
116	128
116	132
116	136
116	167
116	263
116	267
116	299
116	385
116	392
116	450
116	473
117	36
117	128
117	136
117	144
117	172
117	184
117	388
117	392
118	0
118	9
118	257
118	265
118	280
119	11
119	201
119	260
119	270
119	387
120	3
120	5
120	7
120	19
120	133
120	146
120	194
120	208
120	229
120	260
120	263
120	268
120	310
120	342
120	384
120	407
121	149
121	324
121	362
121	384
121	388
122	0
122	2
122	5
122	9
122	64
122	81
122	96
122	192
122	270
122	321
122	385
122	393
123	7
123	160
123	192
123	256
123	385
124	17
124	65
124	160
124	227
124	393
124	423
125	136
125	389
125	478
127	0
128	0
128	2
128	3
128	6
128	11
128	19
128	32
128	40
128	49
128	54
128	61
128	65
128	67
128	77
128	85
128	88
128	89
128	94
128	97
128	100
128	103
128	105
128	108
128	111
128	126
128	127
128	128
128	133
128	136
128	137
128	147
128	154
128	165
128	199
128	201
128	215
128	228
128	253
128	257
128	258
128	260
128	277
128	289
128	296
128	298
128	312
128	313
128	320
128	329
128	332
128	334
128	338
128	339
128	341
128	353
128	354
128	360
128	366
128	371
128	375
128	390
128	393
128	397
128	439
128	441
128	479
128	499
129	4
129	8
129	24
129	38
129	65
129	66
129	80
129	85
129	96
129	100
129	130
129	136
129	158
129	164
129	210
129	216
129	220
129	222
129	252
129	260
129	266
129	274
129	289
129	298
129	326
129	330
129	334
129	344
129	346
129	380
129	410
130	1
130	3
130	4
130	5
130	8
130	12
130	13
130	35
130	40
130	45
130	49
130	60
130	69
130	80
130	84
130	86
130	88
130	95
130	96
130	112
130	113
130	121
130	176
130	186
130	241
130	244
130	253
130	258
130	259
130	276
130	289
130	291
130	300
130	313
130	320
130	325
130	329
130	336
130	337
130	349
130	352
130	368
130	373
130	376
130	377
130	387
130	388
130	392
130	440
130	445
130	448
130	493
131	39
131	52
131	76
131	79
131	86
131	97
131	108
131	198
131	266
131	281
131	298
131	300
131	306
131	342
131	375
131	400
131	406
131	422
131	464
131	488
132	3
132	8
132	10
132	16
132	21
132	33
132	36
132	37
132	40
132	43
132	48
132	51
132	64
132	73
132	83
132	121
132	193
132	241
132	256
132	283
132	285
132	288
132	299
132	321
132	323
132	328
132	352
132	353
132	370
132	391
133	4
133	33
133	64
133	75
133	88
133	90
133	92
133	106
133	138
133	256
133	288
133	304
133	330
133	353
133	362
133	410
134	0
134	6
134	9
134	17
134	41
134	72
134	80
134	121
134	128
134	184
134	211
134	249
134	257
134	280
134	306
134	314
134	321
134	339
134	505
135	0
135	8
135	52
135	64
135	68
135	72
135	124
135	242
135	258
135	265
135	304
135	380
135	448
135	472
136	0
136	1
136	4
136	6
136	7
136	10
136	16
136	35
136	48
136	51
136	53
136	68
136	70
136	85
136	109
136	116
136	201
136	233
136	267
136	282
136	284
136	296
136	305
136	308
136	309
136	324
136	365
136	368
136	370
136	390
136	432
136	456
136	458
136	496
136	498
136	500
137	0
137	4
137	6
137	21
137	34
137	48
137	50
137	102
137	104
137	112
137	150
137	180
137	214
137	250
137	269
137	288
137	290
137	304
137	368
137	392
137	416
137	438
138	0
138	1
138	2
138	14
138	17
138	20
138	32
138	46
138	53
138	65
138	69
138	112
138	196
138	238
138	256
138	284
138	292
138	310
138	314
138	323
138	340
138	356
138	405
138	451
139	6
139	12
139	22
139	32
139	36
139	52
139	96
139	112
139	260
139	276
139	288
139	321
139	342
139	372
139	420
139	468
140	8
140	48
140	55
140	74
140	78
140	90
140	96
140	99
140	217
140	228
140	248
140	256
140	274
140	288
140	320
140	342
140	344
140	352
140	417
140	448
141	16
141	17
141	66
141	147
141	214
141	226
141	259
141	278
141	291
141	300
141	304
141	305
141	318
141	368
141	370
141	498
142	2
142	32
142	90
142	96
142	97
142	98
142	272
143	0
143	21
143	32
143	64
143	99
143	224
143	272
143	296
143	400
143	464
143	496
144	2
144	3
144	6
144	34
144	40
144	47
144	48
144	64
144	66
144	70
144	71
144	74
144	99
144	102
144	106
144	109
144	111
144	129
144	134
144	159
144	172
144	205
144	257
144	258
144	259
144	263
144	264
144	274
144	281
144	289
144	295
144	300
144	310
144	323
144	336
144	339
144	352
144	356
144	376
144	384
144	386
144	452
144	492
145	20
145	34
145	36
145	40
145	42
145	68
145	72
145	86
145	88
145	89
145	99
145	101
145	108
145	130
145	200
145	256
145	264
145	266
145	292
145	294
145	316
145	322
145	362
145	364
145	395
145	426
145	430
145	480
145	487
146	0
146	4
146	8
146	9
146	17
146	36
146	65
146	76
146	109
146	140
146	240
146	257
146	265
146	281
146	298
146	301
146	320
146	329
146	357
146	368
146	450
147	72
147	76
147	100
147	148
147	297
147	328
147	336
147	360
147	387
148	1
148	9
148	34
148	64
148	84
148	96
148	104
148	138
148	170
148	171
148	194
148	235
148	258
148	272
148	275
148	285
148	329
148	355
148	456
149	18
149	54
149	58
149	64
149	72
149	74
149	104
149	192
149	259
149	284
149	320
149	326
149	328
149	354
150	0
150	9
150	12
150	13
150	65
150	71
150	91
150	97
150	129
150	259
150	288
150	295
150	335
150	352
151	4
151	8
151	32
151	64
151	74
151	128
151	268
151	296
151	308
151	329
151	356
152	1
152	12
152	16
152	54
152	64
152	67
152	68
152	71
152	99
152	105
152	258
152	290
152	323
152	370
152	424
152	449
152	482
153	16
153	66
153	71
153	225
153	256
153	258
153	352
153	388
153	420
153	480
154	16
154	37
154	40
154	67
154	68
154	69
154	100
154	128
154	259
154	261
154	292
154	321
154	324
154	325
154	327
154	384
154	453
154	464
154	505
155	7
155	64
155	68
155	96
155	290
155	386
156	0
156	16
156	36
156	83
156	146
156	258
156	259
156	273
156	288
156	296
156	318
156	354
156	376
157	0
157	10
157	11
157	98
157	104
157	210
157	352
157	384
158	34
158	257
158	261
158	344
158	449
159	1
159	64
160	1
160	4
160	10
160	12
160	15
160	17
160	20
160	22
160	65
160	66
160	68
160	73
160	75
160	84
160	91
160	134
160	140
160	258
160	265
160	269
160	276
160	277
160	308
160	326
160	328
160	330
160	339
160	346
160	348
160	407
160	424
161	2
161	8
161	13
161	20
161	22
161	65
161	66
161	84
161	86
161	88
161	130
161	158
161	160
161	192
161	218
161	256
161	314
161	338
161	394
161	450
161	492
162	0
162	1
162	9
162	17
162	33
162	60
162	65
162	68
162	73
162	80
162	81
162	82
162	117
162	184
162	204
162	218
162	256
162	273
162	324
162	325
162	338
162	348
162	353
163	16
163	20
163	25
163	64
163	65
163	72
163	96
163	132
163	192
163	260
163	272
163	278
163	280
163	328
163	333
163	362
164	16
164	39
164	64
164	75
164	80
164	192
164	257
164	272
164	282
164	294
164	323
164	353
164	364
164	385
164	386
164	451
165	1
165	2
165	17
165	24
165	42
165	64
165	70
165	74
165	79
165	226
165	322
165	328
165	336
165	346
166	17
166	64
166	93
166	100
166	104
166	121
166	265
166	272
166	276
166	320
166	329
166	336
166	338
166	344
166	345
166	348
166	408
167	80
167	84
167	144
167	272
168	0
168	1
168	19
168	22
168	27
168	32
168	33
168	64
168	67
168	70
168	76
168	84
168	144
168	166
168	257
168	266
168	272
168	274
168	275
168	277
168	289
168	290
168	324
168	338
168	340
168	342
168	379
168	406
169	54
169	72
169	84
169	88
169	151
169	264
169	275
169	330
169	390
170	3
170	9
170	68
170	100
170	132
170	257
170	262
170	268
170	280
170	301
170	375
170	417
171	2
171	4
171	108
171	118
171	324
172	0
172	2
172	17
172	58
172	65
172	81
172	84
172	112
172	256
172	259
172	265
172	272
172	321
172	346
172	384
172	461
172	466
173	81
173	126
173	208
173	336
173	464
174	0
174	98
174	193
174	306
174	313
174	321
174	400
175	96
175	338
175	416
176	0
176	5
176	8
176	9
176	12
176	24
176	65
176	74
176	84
176	96
176	103
176	192
176	284
176	331
176	340
176	478
177	8
177	10
177	18
177	21
177	38
177	106
177	124
177	134
177	152
177	236
177	256
177	260
177	264
177	282
177	332
177	338
177	454
178	9
178	262
178	264
178	268
178	278
179	1
179	2
179	9
179	44
179	64
179	76
179	268
179	270
179	321
179	336
179	453
180	3
180	6
180	43
180	81
180	94
180	104
180	138
180	265
180	289
180	409
181	0
181	98
181	103
181	130
181	320
182	1
182	32
182	257
182	260
183	64
183	204
184	7
184	13
184	64
184	71
184	81
184	87
184	100
184	260
184	288
184	321
185	65
185	68
185	261
186	3
186	352
186	456
187	0
187	66
187	277
187	356
187	384
187	420
188	4
188	64
188	66
188	69
188	275
189	330
190	0
190	39
190	257
191	11
192	0
192	1
192	2
192	7
192	11
192	12
192	13
192	16
192	20
192	23
192	24
192	30
192	32
192	33
192	35
192	41
192	50
192	54
192	62
192	63
192	64
192	69
192	81
192	82
192	100
192	154
192	160
192	170
192	175
192	185
192	259
192	263
192	268
192	269
192	278
192	294
192	298
192	304
192	306
192	308
192	311
192	343
192	361
192	428
192	432
192	450
192	481
193	8
193	12
193	18
193	20
193	37
193	40
193	42
193	43
193	54
193	98
193	104
193	150
193	176
193	179
193	202
193	256
193	262
193	268
193	277
193	289
193	312
193	318
193	324
193	390
193	437
194	13
194	17
194	28
194	37
194	41
194	49
194	61
194	63
194	93
194	112
194	150
194	256
194	265
194	268
194	308
194	312
194	341
194	408
194	422
195	3
195	9
195	16
195	24
195	36
195	40
195	112
195	140
195	204
195	280
195	288
195	294
195	304
195	318
195	336
195	464
196	0
196	2
196	3
196	9
196	17
196	22
196	25
196	32
196	42
196	51
196	56
196	61
196	73
196	97
196	132
196	154
196	171
196	181
196	214
196	265
196	267
196	273
196	281
196	320
196	397
196	401
196	433
197	0
197	8
197	32
197	33
197	34
197	42
197	48
197	98
197	150
197	152
197	164
197	183
197	258
197	266
197	274
197	276
197	474
198	13
198	17
198	20
198	36
198	61
198	105
198	264
198	265
198	272
199	4
199	16
199	30
199	32
199	38
199	89
199	97
199	206
199	268
199	300
199	324
200	12
200	18
200	19
200	22
200	52
200	72
200	112
200	180
200	225
200	259
200	260
200	266
200	276
200	277
200	289
200	290
200	309
200	343
200	354
200	380
200	385
200	464
201	4
201	16
201	21
201	32
201	34
201	41
201	56
201	80
201	162
201	258
201	264
201	268
202	5
202	20
202	46
202	64
202	117
202	161
202	256
202	265
202	308
202	312
202	330
202	356
202	384
202	421
203	0
203	2
203	44
203	268
203	272
204	2
204	4
204	45
204	81
204	258
204	290
204	291
204	320
205	22
205	102
205	130
205	256
205	291
205	354
206	0
206	1
206	16
206	25
206	161
206	225
206	272
206	289
206	304
207	0
207	26
207	32
207	49
207	128
208	0
208	8
208	22
208	35
208	45
208	99
208	195
208	200
208	258
208	260
208	279
208	288
208	297
208	318
208	322
208	492
209	8
209	12
209	36
209	38
209	41
209	64
209	72
209	132
209	160
209	208
209	354
209	426
209	440
210	4
210	8
210	40
210	44
210	53
210	94
210	173
210	258
210	261
210	301
210	328
210	391
211	4
211	8
211	28
211	32
211	40
211	64
211	132
211	266
211	296
211	302
211	304
212	0
212	1
212	32
212	34
212	70
212	104
212	105
212	257
212	266
212	289
212	296
212	297
212	304
213	168
213	194
213	260
213	268
213	299
213	301
214	4
214	42
214	257
215	8
215	428
216	0
216	21
216	34
216	35
216	39
216	77
216	166
216	258
216	271
216	288
216	356
216	459
217	1
217	72
217	256
217	260
217	262
217	290
217	295
217	350
218	32
218	133
218	257
218	288
218	289
218	301
218	417
218	455
219	44
219	130
219	260
220	24
220	56
220	113
220	258
220	376
220	387
220	434
221	0
221	97
221	289
221	307
221	368
221	384
222	16
222	259
222	293
223	20
223	256
223	288
223	314
223	388
224	0
224	9
224	10
224	15
224	16
224	23
224	24
224	28
224	39
224	42
224	63
224	64
224	92
224	94
224	124
224	127
224	133
224	136
224	162
224	189
224	258
224	260
224	265
224	270
224	271
224	282
224	300
224	307
224	338
224	386
224	389
224	467
224	468
225	6
225	18
225	256
225	257
225	258
225	260
225	264
225	270
225	271
225	274
225	283
225	332
225	336
226	2
226	5
226	37
226	49
226	64
226	144
226	257
226	289
226	296
226	298
226	301
226	328
226	384
226	401
226	433
227	0
227	8
227	14
227	16
228	1
228	2
228	9
228	39
228	97
228	130
228	134
228	137
228	265
228	268
228	274
228	275
228	280
228	282
229	2
229	6
229	12
229	74
229	138
229	264
229	274
229	462
230	1
230	8
230	18
230	42
230	61
230	120
230	345
230	427
231	48
231	280
231	448
232	2
232	8
232	51
232	263
232	278
232	291
232	322
232	390
232	457
233	4
233	62
233	80
233	152
233	256
233	258
233	273
233	276
234	0
234	6
234	20
234	24
234	32
234	84
234	149
234	161
234	253
234	257
234	281
234	405
235	352
236	0
236	2
236	8
236	15
236	16
236	50
236	51
236	80
236	259
236	278
237	8
237	337
238	16
238	200
238	256
238	337
239	16
239	25
239	256
239	272
240	2
240	7
240	8
240	42
240	50
240	56
240	163
240	197
240	262
240	270
240	298
240	300
240	326
241	8
241	11
241	30
241	77
241	130
241	277
241	289
241	432
242	0
242	3
242	6
242	37
242	42
242	49
242	154
242	257
242	264
242	273
242	365
242	412
244	4
244	72
244	140
244	268
244	288
244	352
245	51
245	260
245	264
246	0
246	12
246	90
246	259
246	329
246	418
247	0
247	282
248	16
248	31
248	256
248	269
248	290
248	323
248	343
248	448
249	66
249	142
249	258
249	274
250	260
250	405
251	68
251	69
251	130
251	352
252	1
252	2
252	81
252	104
252	264
252	309
253	2
253	256
253	259
254	1
256	3
256	8
256	10
256	12
256	17
256	20
256	22
256	26
256	34
256	40
256	50
256	56
256	64
256	70
256	72
256	82
256	86
256	90
256	91
256	93
256	121
256	129
256	136
256	147
256	174
256	177
256	195
256	197
256	198
256	205
256	208
256	215
256	218
256	225
256	243
256	246
256	253
256	255
256	261
256	263
256	267
256	269
256	271
256	304
256	305
256	311
256	320
256	329
256	338
256	348
256	358
256	369
256	426
256	469
256	478
257	1
257	5
257	14
257	17
257	32
257	34
257	37
257	40
257	41
257	42
257	46
257	58
257	73
257	74
257	77
257	83
257	88
257	90
257	91
257	96
257	108
257	126
257	137
257	138
257	146
257	174
257	176
257	195
257	196
257	212
257	223
257	240
257	243
257	244
257	282
257	294
257	330
257	332
257	338
257	356
257	416
257	462
258	0
258	4
258	5
258	12
258	16
258	21
258	36
258	53
258	68
258	73
258	76
258	112
258	117
258	128
258	132
258	137
258	152
258	192
258	201
258	212
258	221
258	240
258	261
258	273
258	357
258	452
258	456
259	4
259	21
259	32
259	36
259	50
259	62
259	68
259	84
259	94
259	100
259	126
259	128
259	136
259	148
259	160
259	184
259	196
259	204
259	208
259	220
259	244
259	305
259	348
259	362
259	365
259	401
259	444
259	460
260	2
260	23
260	42
260	65
260	67
260	85
260	90
260	98
260	131
260	152
260	153
260	155
260	170
260	193
260	196
260	198
260	200
260	201
260	202
260	211
260	216
260	224
260	225
260	248
260	250
260	257
260	265
260	296
260	321
260	322
260	386
260	401
260	442
260	484
260	487
260	505
261	0
261	20
261	24
261	34
261	43
261	62
261	64
261	73
261	96
261	103
261	104
261	137
261	152
261	242
261	280
261	292
261	400
261	426
261	461
261	482
262	0
262	9
262	25
262	32
262	40
262	41
262	44
262	45
262	57
262	68
262	77
262	103
262	104
262	106
262	113
262	130
262	133
262	139
262	145
262	152
262	156
262	168
262	176
262	208
262	216
262	224
262	225
262	243
262	248
262	265
262	321
262	401
262	468
263	0
263	3
263	32
263	72
263	88
263	204
263	400
263	480
263	496
264	5
264	6
264	33
264	37
264	53
264	58
264	80
264	82
264	83
264	85
264	86
264	87
264	131
264	138
264	140
264	144
264	145
264	173
264	176
264	178
264	189
264	194
264	210
264	212
264	224
264	226
264	228
264	229
264	231
264	236
264	256
264	266
264	282
264	293
264	305
264	320
264	384
264	453
264	455
264	456
264	480
265	3
265	4
265	7
265	20
265	21
265	32
265	48
265	50
265	54
265	56
265	74
265	118
265	144
265	146
265	152
265	160
265	182
265	198
265	211
265	224
265	227
265	232
265	246
265	258
265	262
265	484
265	485
266	1
266	4
266	7
266	14
266	40
266	52
266	55
266	60
266	85
266	113
266	114
266	117
266	129
266	141
266	160
266	165
266	213
266	240
266	250
266	261
266	340
266	353
267	0
267	16
267	24
267	32
267	69
267	88
267	160
267	170
267	228
267	244
268	16
268	19
268	34
268	38
268	59
268	68
268	115
268	129
268	130
268	170
268	178
268	194
268	240
268	246
268	401
268	403
268	496
269	22
269	54
269	66
269	113
269	115
269	180
269	191
269	210
269	275
270	0
270	2
270	4
270	16
270	17
270	23
270	100
270	104
270	112
270	114
270	121
270	193
270	448
271	16
271	96
271	128
271	177
271	210
271	224
272	1
272	4
272	8
272	9
272	12
272	13
272	38
272	43
272	70
272	78
272	98
272	101
272	108
272	109
272	119
272	124
272	129
272	136
272	138
272	139
272	140
272	146
272	152
272	155
272	162
272	163
272	171
272	184
272	194
272	196
272	197
272	206
272	207
272	208
272	213
272	225
272	226
272	227
272	234
272	282
272	291
272	303
272	352
272	389
272	448
272	507
273	0
273	1
273	12
273	14
273	24
273	29
273	38
273	46
273	58
273	76
273	90
273	98
273	107
273	118
273	136
273	140
273	166
273	186
273	200
273	241
273	290
273	328
273	356
273	386
273	428
273	480
274	0
274	1
274	5
274	12
274	16
274	24
274	29
274	66
274	68
274	70
274	71
274	108
274	139
274	140
274	161
274	165
274	172
274	173
274	216
274	230
274	232
274	272
274	388
274	476
274	505
275	1
275	17
275	100
275	118
275	145
275	200
275	224
275	292
275	300
275	320
275	348
276	1
276	8
276	16
276	20
276	32
276	33
276	41
276	44
276	64
276	73
276	97
276	99
276	110
276	128
276	139
276	144
276	149
276	160
276	170
276	185
276	192
276	198
276	203
276	209
276	219
276	225
276	232
276	259
276	297
276	321
276	330
276	361
277	0
277	2
277	27
277	70
277	72
277	106
277	128
277	162
277	168
277	256
277	266
278	13
278	102
278	161
278	168
278	169
278	173
278	204
278	217
279	34
279	68
279	76
279	129
279	163
279	193
279	200
279	216
279	224
280	0
280	5
280	6
280	7
280	14
280	22
280	66
280	80
280	99
280	101
280	102
280	127
280	129
280	132
280	134
280	136
280	137
280	141
280	161
280	166
280	168
280	192
280	198
280	205
280	236
280	257
280	293
280	352
280	364
280	453
280	465
281	4
281	67
281	72
281	100
281	141
281	148
281	161
281	176
281	394
281	434
282	1
282	5
282	104
282	128
282	132
282	134
282	161
282	197
282	229
282	400
283	18
283	20
283	22
283	72
283	196
283	236
284	38
284	72
284	129
284	134
284	164
284	195
284	229
284	328
284	419
284	448
285	4
285	8
285	34
285	64
285	72
285	98
285	326
286	65
286	81
286	234
286	296
287	0
287	97
287	128
287	176
287	192
287	204
288	0
288	1
288	5
288	7
288	9
288	10
288	11
288	18
288	24
288	26
288	37
288	40
288	65
288	86
288	92
288	106
288	108
288	128
288	130
288	132
288	137
288	139
288	151
288	181
288	200
288	213
288	214
288	230
288	287
288	327
288	330
288	339
288	340
288	377
288	469
289	22
289	23
289	26
289	28
289	30
289	31
289	36
289	42
289	48
289	74
289	88
289	94
289	108
289	136
289	138
289	140
289	164
289	194
289	198
289	208
289	214
289	286
289	299
289	348
289	362
289	392
289	397
289	400
290	1
290	9
290	11
290	16
290	36
290	40
290	68
290	69
290	73
290	80
290	100
290	137
290	140
290	141
290	148
290	156
290	192
290	193
290	208
290	212
290	252
290	257
290	361
290	391
290	397
290	505
291	0
291	8
291	41
291	61
291	64
291	76
291	80
291	82
291	88
291	100
291	112
291	136
291	156
291	189
291	209
291	216
291	485
292	0
292	17
292	24
292	33
292	35
292	49
292	140
292	155
292	164
292	201
292	203
292	208
292	210
292	320
292	342
292	354
292	400
293	18
293	24
293	32
293	34
293	82
293	88
293	99
293	114
293	158
293	177
293	258
293	259
293	392
293	396
293	458
294	8
294	13
294	24
294	29
294	73
294	95
294	153
294	208
294	313
295	128
295	131
295	158
295	216
296	19
296	20
296	21
296	28
296	32
296	64
296	67
296	73
296	129
296	131
296	134
296	180
296	194
296	198
296	214
296	216
296	243
296	257
296	262
296	320
296	340
296	341
296	420
296	446
297	4
297	8
297	22
297	66
297	80
297	128
297	136
297	213
297	214
297	386
297	450
298	0
298	7
298	208
298	225
298	322
298	385
299	20
299	26
299	33
299	36
299	128
299	132
299	144
299	146
299	480
300	3
300	16
300	26
300	32
300	40
300	53
300	86
300	113
300	138
300	144
300	145
300	152
300	154
300	198
300	199
300	202
300	208
300	453
301	72
301	131
301	194
301	202
302	17
302	82
302	88
302	128
302	137
302	208
303	82
303	138
303	219
303	272
304	3
304	4
304	8
304	13
304	14
304	31
304	46
304	70
304	75
304	144
304	147
304	148
304	154
304	166
304	172
304	194
304	236
304	258
304	393
305	2
305	9
305	22
305	41
305	65
305	73
305	128
305	199
305	224
306	0
306	8
306	11
306	46
306	65
306	68
306	129
306	136
306	143
306	270
306	384
307	72
307	128
307	134
307	161
307	196
307	204
307	236
308	3
308	9
308	16
308	66
308	67
308	72
308	75
308	133
308	192
308	194
308	209
308	214
308	219
308	331
308	392
309	10
309	14
309	16
309	40
309	75
309	140
309	235
309	475
310	3
310	16
310	32
310	84
310	129
310	137
310	146
310	161
310	267
310	325
311	0
312	0
312	5
312	7
312	12
312	50
312	64
312	67
312	68
312	137
312	199
312	236
312	272
313	2
313	4
313	30
313	66
313	80
313	85
313	106
313	128
313	130
313	160
314	0
314	4
314	22
314	101
314	129
314	140
314	230
314	256
314	448
315	51
315	65
315	196
316	0
316	2
316	7
316	64
316	67
316	84
316	193
316	209
316	325
317	193
318	1
318	192
319	16
319	158
320	5
320	10
320	11
320	12
320	13
320	23
320	29
320	33
320	41
320	45
320	48
320	57
320	59
320	66
320	74
320	81
320	84
320	94
320	117
320	119
320	131
320	138
320	139
320	143
320	153
320	162
320	175
320	190
320	231
320	239
320	246
320	264
320	290
320	329
320	403
320	410
320	432
321	2
321	14
321	16
321	28
321	32
321	38
321	40
321	41
321	44
321	48
321	49
321	84
321	98
321	122
321	130
321	132
321	134
321	139
321	146
321	150
321	154
321	168
321	170
321	176
321	179
321	188
321	200
321	222
321	232
321	239
321	306
321	393
321	439
322	0
322	1
322	9
322	29
322	32
322	40
322	44
322	53
322	96
322	98
322	128
322	129
322	137
322	169
322	188
322	205
322	236
322	245
322	270
322	280
322	298
323	2
323	16
323	24
323	42
323	52
323	80
323	82
323	84
323	96
323	128
323	144
323	165
323	192
323	240
323	274
323	316
323	374
323	386
324	1
324	2
324	5
324	16
324	25
324	27
324	34
324	39
324	40
324	48
324	49
324	50
324	58
324	82
324	105
324	107
324	131
324	145
324	146
324	147
324	153
324	160
324	168
324	177
324	178
324	203
324	211
324	248
324	266
324	315
324	416
324	432
325	0
325	2
325	24
325	58
325	113
325	424
325	502
326	1
326	2
326	8
326	41
326	56
326	57
326	128
326	129
326	153
326	169
326	175
326	178
326	211
326	233
326	236
326	264
326	305
327	32
327	144
327	256
327	320
328	0
328	12
328	20
328	28
328	37
328	57
328	132
328	146
328	153
328	181
328	352
328	388
328	390
328	395
329	16
329	32
329	51
329	54
329	147
329	161
329	167
329	242
329	272
329	410
329	413
330	0
330	16
330	17
330	129
330	141
330	145
330	148
330	161
330	176
330	213
330	256
330	292
330	298
331	129
331	133
331	144
331	152
331	212
331	390
332	33
332	42
332	52
332	136
332	139
332	145
332	162
333	32
333	48
333	87
333	128
333	147
333	160
333	193
333	272
333	418
333	433
334	16
334	97
334	168
334	297
334	353
334	441
335	304
336	2
336	9
336	10
336	27
336	33
336	44
336	50
336	57
336	75
336	128
336	129
336	139
336	143
336	162
336	232
336	233
336	238
336	266
336	270
336	291
336	306
336	431
337	0
337	38
337	60
337	74
337	135
337	136
337	140
337	166
337	192
337	264
337	288
337	318
337	448
338	4
338	12
338	21
338	40
338	48
338	111
338	160
338	184
338	216
338	230
338	256
338	301
338	384
339	5
339	20
339	38
339	41
339	140
339	256
339	296
339	448
339	488
340	9
340	10
340	33
340	34
340	40
340	75
340	128
340	136
340	137
340	176
340	192
340	193
340	277
340	289
340	296
340	370
340	418
340	460
341	10
341	64
341	134
341	160
341	164
342	10
342	38
342	75
342	108
342	288
342	299
342	306
343	32
343	58
343	133
343	165
344	3
344	6
344	32
344	33
344	39
344	44
344	53
344	83
344	128
344	135
344	145
344	160
344	161
344	175
344	182
344	183
344	194
344	283
344	290
344	417
345	2
345	4
345	12
345	22
345	38
345	128
345	131
345	484
346	3
346	4
346	145
346	353
346	424
347	133
347	136
347	160
347	224
348	128
348	148
348	181
348	261
348	432
349	32
349	58
349	176
349	258
349	450
350	0
350	128
350	164
351	48
351	128
351	160
352	0
352	10
352	11
352	19
352	34
352	59
352	130
352	132
352	133
352	139
352	147
352	150
352	190
352	208
352	217
352	224
352	238
352	256
352	276
353	10
353	14
353	18
353	29
353	68
353	130
353	136
353	138
353	146
353	156
353	168
353	179
353	186
353	232
353	256
353	401
353	436
354	8
354	16
354	29
354	121
354	155
354	188
354	204
354	271
354	416
355	4
355	24
355	88
355	98
355	140
355	408
356	0
356	1
356	2
356	72
356	73
356	130
356	138
356	158
356	193
356	196
356	411
356	417
357	13
357	82
357	88
357	91
357	152
357	250
357	264
357	392
358	64
358	146
358	200
358	388
359	10
359	48
359	136
359	158
359	192
359	384
359	416
360	8
360	16
360	17
360	32
360	50
360	77
360	146
360	148
360	161
360	192
360	197
360	256
360	271
360	294
360	401
360	503
361	2
361	6
361	12
361	36
361	50
361	71
361	75
361	118
361	154
361	164
361	166
362	3
362	19
362	48
362	128
362	131
362	133
362	256
362	404
362	484
363	128
364	1
364	3
364	25
364	56
364	130
364	137
364	275
365	6
365	21
365	80
365	128
365	136
365	210
365	256
366	16
366	17
366	145
367	150
367	200
368	0
368	9
368	10
368	12
368	17
368	34
368	128
368	199
368	266
368	456
369	6
369	14
369	15
369	65
369	98
369	186
369	395
369	456
370	4
370	75
370	134
370	169
371	56
371	145
372	2
372	26
372	33
372	65
372	74
372	136
372	163
372	200
372	205
372	256
373	8
373	10
373	136
373	147
373	208
373	256
374	129
374	152
374	385
375	136
376	130
376	403
377	20
378	0
378	4
378	32
379	133
379	144
380	266
381	4
381	128
381	134
382	8
382	132
382	257
383	2
383	64
384	0
384	3
384	5
384	8
384	9
384	11
384	18
384	22
384	23
384	28
384	31
384	32
384	34
384	35
384	39
384	40
384	44
384	52
384	67
384	71
384	79
384	82
384	86
384	95
384	106
384	110
384	113
384	117
384	145
384	151
384	187
384	207
384	211
384	214
384	257
384	261
384	278
384	283
384	291
384	337
384	351
384	444
385	4
385	6
385	8
385	15
385	22
385	24
385	28
385	34
385	38
385	60
385	66
385	68
385	74
385	85
385	88
385	118
385	176
385	180
385	208
385	216
385	224
385	241
385	268
385	288
385	316
385	340
385	356
385	365
385	492
386	4
386	16
386	48
386	57
386	80
386	100
386	122
386	145
386	200
386	260
386	309
386	316
386	339
386	369
386	396
387	1
387	6
387	12
387	16
387	40
387	49
387	64
387	110
387	132
387	161
387	184
387	224
387	328
388	7
388	17
388	18
388	24
388	51
388	54
388	64
388	85
388	97
388	104
388	128
388	148
388	210
388	212
388	258
388	388
388	395
389	27
389	58
389	72
389	106
389	136
390	16
390	17
390	35
390	81
390	88
390	113
390	180
390	258
390	289
390	323
390	360
391	32
391	112
391	124
391	345
391	473
392	6
392	8
392	18
392	28
392	39
392	54
392	58
392	65
392	67
392	70
392	71
392	72
392	81
392	87
392	99
392	100
392	113
392	176
392	210
392	261
392	274
392	337
392	342
392	388
393	0
393	16
393	20
393	32
393	34
393	37
393	52
393	68
393	80
393	98
393	115
394	0
394	5
394	37
394	40
394	69
394	82
394	225
394	305
395	8
395	22
395	128
395	182
395	192
396	2
396	4
396	5
396	11
396	35
396	59
396	67
396	73
396	81
396	82
396	96
396	115
396	119
396	275
396	313
397	16
397	26
397	230
397	276
398	7
398	49
398	64
398	128
399	4
399	88
399	112
399	116
400	0
400	2
400	4
400	6
400	7
400	32
400	38
400	46
400	64
400	67
400	68
400	103
400	104
400	123
400	135
400	146
400	196
400	231
400	296
400	328
400	390
401	36
401	40
401	42
401	74
401	98
401	100
401	106
401	128
401	206
401	258
401	266
402	0
402	1
402	13
402	29
402	44
402	73
402	109
402	133
402	169
402	321
402	429
403	6
403	8
403	9
403	12
403	34
403	44
403	192
403	288
403	324
403	354
403	454
404	2
404	11
404	24
404	33
404	34
404	38
404	42
404	67
404	77
404	102
404	200
404	211
404	224
404	354
404	483
405	0
405	67
405	104
405	176
405	292
406	1
406	35
406	39
406	80
406	97
406	116
406	257
406	265
406	289
406	354
407	0
407	120
407	164
407	224
407	264
408	4
408	36
408	39
408	66
408	71
408	72
408	91
408	98
408	114
408	116
409	0
409	2
409	7
409	32
409	34
409	48
409	65
409	103
409	268
409	369
409	502
410	21
410	48
410	70
410	96
410	260
410	509
411	12
411	17
411	32
411	140
411	260
412	0
412	1
412	10
412	32
412	35
412	43
412	101
412	132
413	32
413	288
413	418
414	18
415	99
416	0
416	4
416	10
416	12
416	13
416	15
416	22
416	30
416	34
416	37
416	47
416	64
416	69
416	73
416	79
416	83
416	84
416	96
416	155
416	161
416	264
416	298
416	337
416	353
416	386
417	14
417	18
417	20
417	24
417	41
417	82
417	88
417	100
417	106
417	116
417	324
417	429
418	1
418	9
418	12
418	24
418	28
418	32
418	64
418	132
418	153
418	161
418	183
418	213
418	274
418	322
418	328
418	329
419	0
419	4
419	16
419	29
419	68
419	146
419	220
419	288
420	1
420	3
420	27
420	35
420	43
420	46
420	70
420	73
420	81
420	82
420	113
420	121
420	205
420	213
420	278
420	281
420	401
421	64
421	80
421	145
421	261
422	0
422	8
422	16
422	17
422	20
422	24
422	25
422	33
422	72
422	80
422	114
422	121
422	144
423	7
423	8
423	64
423	80
423	85
424	2
424	34
424	38
424	44
424	48
424	64
424	80
424	84
424	152
424	210
424	241
424	279
424	374
425	0
425	7
425	146
425	208
425	336
426	5
426	16
426	21
426	80
426	384
427	4
427	5
427	16
427	81
427	467
428	0
428	7
428	8
428	67
428	80
428	84
428	144
429	2
429	168
429	464
430	1
430	55
430	97
430	277
430	285
430	338
431	0
431	48
431	49
431	144
432	2
432	5
432	10
432	18
432	60
432	65
432	72
432	77
432	78
432	92
432	102
432	133
432	138
432	148
432	176
432	321
432	392
433	0
433	69
433	70
433	268
433	356
433	384
434	0
434	12
434	49
434	73
434	104
434	202
434	413
435	4
435	11
435	76
435	328
436	11
436	13
436	34
436	73
436	80
436	137
436	269
437	66
437	100
438	17
438	81
438	324
439	77
439	96
440	4
440	5
440	98
440	158
440	175
441	4
441	89
441	336
442	5
442	69
442	357
443	0
443	34
443	36
443	102
443	112
444	2
444	65
444	80
444	257
445	0
445	32
445	69
446	64
446	320
447	0
447	260
448	8
448	9
448	10
448	13
448	15
448	16
448	19
448	26
448	29
448	35
448	46
448	50
448	52
448	58
448	79
448	88
448	145
448	265
448	267
448	305
448	344
448	350
448	357
449	22
449	34
449	42
449	48
449	52
449	168
449	180
449	200
449	234
450	4
450	17
450	24
450	27
450	28
450	34
450	68
450	120
450	121
450	308
451	12
451	36
451	49
451	256
451	272
452	0
452	10
452	14
452	17
452	18
452	41
452	42
452	46
452	67
452	101
452	160
452	185
452	267
452	288
452	338
453	10
453	24
453	32
453	44
453	80
453	96
453	128
453	176
453	273
454	32
454	40
454	57
454	260
455	4
455	36
455	64
455	72
455	280
456	17
456	18
456	20
456	33
456	34
456	35
456	37
456	46
456	48
456	49
456	52
456	73
456	144
456	145
456	257
456	259
456	272
456	416
456	468
457	8
457	32
457	86
457	283
458	17
458	20
458	104
458	292
459	16
459	36
459	304
460	0
460	2
460	3
460	18
460	26
460	28
460	32
460	112
460	161
460	194
460	273
460	275
460	307
461	160
461	418
462	33
462	58
462	85
462	120
462	164
462	288
463	16
463	18
464	0
464	3
464	15
464	40
464	105
464	226
464	251
464	267
464	381
464	399
465	10
465	14
465	69
465	170
465	198
466	8
466	17
466	36
466	44
466	263
466	384
467	4
467	6
467	12
467	16
468	0
468	44
469	8
469	32
469	106
469	232
469	256
470	2
470	60
470	138
470	194
470	200
471	10
471	264
472	0
472	37
472	86
472	262
473	6
473	11
473	18
473	262
474	141
475	101
476	2
477	10
478	418
480	7
480	20
480	150
480	153
480	155
480	193
480	273
481	30
481	41
481	284
482	14
482	17
482	20
482	23
482	51
482	57
482	64
482	84
482	130
482	148
482	162
482	258
483	0
483	8
483	133
484	6
484	10
484	26
484	33
484	43
484	49
484	146
484	291
486	0
486	2
486	64
486	161
487	8
487	128
488	17
488	18
488	26
488	50
488	144
488	166
488	257
488	258
488	272
488	274
488	339
489	0
489	160
490	5
490	17
490	272
491	4
491	148
492	1
492	2
492	6
492	9
492	38
492	48
492	83
492	272
492	274
493	12
493	18
493	34
493	138
494	1
495	0
496	6
496	22
496	59
496	67
496	74
496	109
496	128
496	137
496	161
496	193
497	0
497	38
498	5
498	8
498	44
498	260
498	328
499	36
499	64
500	1
500	3
500	8
500	13
500	14
500	136
500	142
500	259
501	136
502	137
503	36
503	130
504	1
504	33
504	115
504	323
505	0
505	136
505	388
506	1
506	64
506	65
506	130
506	134
506	257
507	7
507	12
508	2
508	58
509	136
509	144
510	0
510	33
