78 86
58 35
122 122
25 154
340 40
122 35
488 1741
122 92
287 287
670 861
429 75
122 267
122 100
728 198
235 969
122 737
782 122
837 198
797 304
931 4725
573 872
959 872
917 1557
706 2108
972 893
998 8252
791 3033
782 1035
1054 1054
834 1557
974 238
1126 700
122 6309
318 1432
571 2628
122 122
797 198
96 1432
1309 755
1104 714
1310 419
338 422
834 988
1030 1228
172 122
484 116
791 235
1557 304
1720 1600
1769 1820
1793 1310
1849 361
1870 1611
1650 307
1666 1318
1650 304
1870 1000
86 1820
22 1310
765 1996
1958 1958
1104 304
2024 304
338 901
86 1908
2084 2084
543 533
916 1432
270 7027
1310 2031
396 568
1827 518
2148 2018
1288 35
482 304
686 1996
1471 91
486 198
1486 1996
1288 428
75 1471
1562 536
2197 414
1471 2093
2238 1190
1556 2260
2455 1820
2030 1557
2362 1190
1793 1539
828 198
85 1992
2274 512
828 198
142 1709
2274 1969
2635 1065
2628 1432
1406 7679
184 2230
2628 2597
2454 375
2644 1693
828 1432
2572 2667
1693 2405
1432 1109
2598 568
2644 2644
2644 1627
2644 304
2644 2679
2644 2030
1666 988
797 1693
1666 369
85 1968
797 2948
2937 8143
2644 2670
3071 3069
1288 1281
2887 3069
2612 1471
2697 1471
572 3052
145 2633
2612 2612
3030 1666
1915 8131
2937 2965
959 2450
142 1695
3030 3087
96 96
3245 2670
1709 1793
828 304
2598 4725
1288 338
338 304
2598 422
2644 2146
506 2718
2644 2644
2644 3666
2644 234
142 13
1772 758
3295 2649
3333 3446
2443 304
1471 1310
2443 3477
316 3069
338 1322
1310 4362
2274 3474
1432 304
3474 3488
61 1827
338 2988
338 3069
2783 3415
338 3205
3122 3508
3535 3211
3098 3087
3295 1299
2455 1471
1853 838
3535 2935
3583 1820
3583 3432
1556 3280
3836 3666
3848 2434
1197 7193
3894 890
2010 3355
646 1595
2443 1196
3576 3087
3827 2925
797 3560
142 797
3713 4213
184 3666
1113 1830
4052 4213
2443 1820
2443 883
3935 4097
85 2554
3827 998
1915 5171
4223 1409
1007 8256
3388 3388
4220 4552
4208 2586
4249 1219
4308 816
4316 2030
3274 4223
4343 3535
3803 3474
1915 720
3150 3069
4249 3295
1900 2961
823 4223
4249 4725
2598 122
3044 4223
292 2018
302 4450
4433 7556
3535 3434
797 5382
4287 4287
3122 1060
184 3720
2628 797
686 3839
1310 4052
2628 1694
3515 3034
4476 1247
4223 4213
1310 3535
3498 797
2598 3560
4682 4682
2670 4711
4702 1820
287 287
4739 287
4513 4223
4406 3295
4406 4794
2628 4725
4257 292
1310 4223
1288 1288
4807 1310
327 4729
4498 3827
2783 828
292 4901
292 4725
3098 3803
797 4926
1891 4919
4213 4552
4857 4919
342 686
1294 2961
5074 4552
826 825
959 184
959 1712
959 4165
5196 4926
4223 1694
1471 9641
3415 4223
292 4213
5208 2839
4265 3474
1310 2257
4220 3474
5004 1638
826 3305
5045 2964
4728 2131
3561 372
5346 3666
1666 4725
1650 4725
5074 5438
338 1310
1666 3973
1666 4213
2670 4276
184 4980
3637 2260
2965 3535
4358 1288
4358 123
1310 4111
5084 3474
2443 2443
4358 4358
2443 5171
4220 5171
1288 5190
2598 2443
1432 2768
5296 5409
2789 3973
4974 5076
3966 1310
5812 3171
5054 4213
1419 86
1605 4725
2797 4893
5896 7027
292 1288
2186 238
5425 5077
2881 5696
111 7512
1310 4893
4682 1310
5988 4600
6013 2783
2443 3973
2598 5309
1007 5348
2443 4223
3012 1196
4389 4223
6061 8020
4575 5056
5425 5425
2138 4213
4061 6198
2328 4249
6180 5507
6193 3320
3875 2783
2338 122
3827 3827
5696 3535
2443 4223
3087 122
2077 3279
4926 91
1849 2783
2718 2718
3966 4321
3885 6094
6309 974
6094 3399
6827 6827
7292 2961
3885 7530
2309 3171
3029 6466
2177 7288
4926 6282
4939 3653
3885 4926
6856 7621
8406 8114
8330 3947
1113 1113
8315 8720
7545 4926
686 9817
7475 4642
1992 4223
6992 8952
2961 1539
8315 1282
7616 8026
9195 3267
2328 9910
8720 4926
7111 7708
4332 4893
1797 2598
8026 7888
9774 9815
4257 6436
9843 9872
5963 9161
9955 4218
9661 2362
1992 3803
2443 6049
92 5874
340 122
518 6282
227 8434
2846 6400
7094 8530
1730 7647
7345 7094
7135 1605
2443 2992
1192 7530
7918 8020
9254 9254
3333 7938
2443 8020
3105 5569
4223 9450
9450 1310
4110 6200
5446 9815
1432 6770
8020 9628
8441 197
7198 6282
7732 7732
1712 1712
1666 4203
2961 8542
2309 1539
8330 1816
5659 9925
5569 2554
7648 9886
7938 974
6992 1288
9193 9193
2628 3093
6770 1694
2598 3560
6044 6044
9396 2670
4120 4893
5569 4725
2670 2670
6180 3093
2443 765
2598 9628
1310 4362
27 2670
3803 543
7867 6329
4808 1969
2443 3560
2443 8026
3020 4362
6770 3937
5507 890
1740 4725
4857 5309
4893 5917
543 4249
2719 3415
2628 2628
2024 5193
3333 1310
4419 686
5917 5917
9871 3093
7512 7512
3894 3894
6545 9567
4358 13
2648 4482
6583 6583
4231 8563
7512 3029
7867 7867
738 7944
7918 686
5812 9925
8981 8530
939 939
3997 3997
1119 2598
6282 6282
8633 5814
5885 7938
1288 4893
2648 9636
5917 5917
8063 2915
4893 1432
9707 1409
686 9530
8683 4931
1119 5814
292 3474
7094 1996
2138 5193
7524 2309
942 5193
2648 2648
1412 1412
1412 7034
2443 7671
2797 4725
270 270
8178 6509
1190 1432
2328 5814
5412 9815
1408 5190
6918 6918
5004 6950
578 4725
6291 3069
4893 4893
4223 6509
3098 2184
1310 5313
8178 7595
3415 304
5917 5917
246 361
122 122
3562 6044
6583 9450
3122 8683
6583 1288
2959 2959
3150 3150
2598 4194
1310 3474
4857 3636
1666 13
3827 3827
270 13
4358 6509
6618 5190
1666 361
723 5814
2512 2267
1965 739
4138 4725
2443 7671
2937 3140
2309 304
1666 1666
6583 5542
4728 8131
2648 3295
1310 2287
2628 2628
4792 2844
706 5190
3122 6508
1870 4600
2197 2384
2937 9190
1431 700
758 6918
5653 5653
3333 304
2362 3295
2197 2197
5653 3295
609 1428
3122 7094
5175 6819
1900 5917
2309 2309
1113 1113
686 6482
3657 3657
5061 1694
4737 4737
1406 6309
6340 2238
2238 1900
578 1237
9518 9518
3415 3415
6414 8753
7111 5412
1247 4725
1247 4725
8934 3937
61 2961
3335 3335
8252 2945
2443 9931
7671 7671
3434 1659
2635 3146
207 1054
101 1675
2197 3474
9931 3150
1720 5171
1772 1772
8805 6400
1471 6508
5917 96
1247 1247
3446 3446
797 797
2598 2598
2965 931
4857 9251
4023 4023
4857 287
7135 3432
9861 1233
4287 1288
5569 357
4857 4725
2598 813
6400 7898
1310 1310
3056 3056
2309 2309
2362 8015
1915 475
7426 7426
8217 247
8779 4725
8418 304
8026 1247
6715 893
8026 7116
4857 1088
85 2598
1288 9396
3333 6309
5171 5171
4003 4003
4229 4276
356 1659
939 4725
6583 13
3713 1918
4828 5171
5175 7271
4094 9703
1038 6491
3165 13
3713 6180
1870 2966
7218 1432
6583 6309
5868 5868
6583 6583
9293 6508
9236 739
3565 2598
3446 6309
1318 5171
2697 2697
974 974
5309 3474
6583 893
1764 1764
4203 4203
7337 4249
5054 1450
2635 2915
2598 4725
6583 6583
3379 6200
3379 4445
974 270
6309 5171
9254 4287
7708 7708
2138 4893
4599 6309
2046 2046
943 5412
318 13
3366 4737
1432 4194
7679 739
1450 4249
2648 9530
3488 2443
4857 5922
2598 1288
6583 5507
9590 9590
22 22
1449 1449
85 4249
2598 4893
6583 5190
6583 2966
2030 96
4389 3474
4792 972
1463 893
3037 9774
1119 8604
9931 5271
4038 4038
943 6309
939 2844
6782 8946
1541 3333
518 3474
1310 8709
7595 1288
109 109
6068 6309
2443 3295
6583 6583
4120 1247
4433 3474
6013 8709
7949 1490
5454 5454
6013 739
572 4918
8633 8633
4257 3295
420 5922
5653 2679
7867 4249
2959 6309
7641 7641
4857 3050
318 304
142 287
943 3474
7641 7641
2937 304
5271 4918
1310 2844
4893 4893
9774 3474
3295 6309
2819 8434
420 4893
3098 893
7178 3295
7938 5542
4110 1969
2443 893
3827 6309
943 893
3827 6309
4857 903
3827 6309
7648 4893
3095 8709
292 6309
9195 3415
4249 8709
1428 1009
3043 2197
861 4893
6340 6340
4761 6782
969 4249
518 4725
4761 1432
883 883
4249 4249
8207 6309
1412 3474
1431 1431
4249 4249
4599 3295
2197 287
4308 3474
7337 2811
2648 8709
1318 4249
1412 4725
4465 96
1412 6309
5343 1853
5343 287
2443 1288
8026 3474
6068 5004
472 6583
6992 3474
974 974
7659 700
1412 6309
292 1471
4100 3474
1836 7625
2644 1958
1969 4287
4445 4445
3333 6309
1322 304
2309 2309
7512 7927
1666 4725
409 3295
4893 2783
5822 5190
198 5542
7927 6309
409 3916
6254 8681
6716 3295
3485 4725
3609 1965
699 699
1447 462
9922 3474
3379 3379
1310 758
7198 462
2648 5171
1310 3333
7949 737
7949 4893
420 6782
4386 304
1471 3474
4023 6309
1666 4435
8981 304
543 3474
1492 2819
4903 304
7949 462
1294 7094
4903 3093
2635 893
1969 304
8946 8946
1428 5190
673 758
8946 8946
2510 3458
2309 2309
3446 6716
64 64
1996 1996
1237 1237
8517 304
2138 7867
9861 2197
1412 8946
4249 8907
92 8946
4249 4249
92 6309
5309 304
4458 4458
2644 3525
4120 4120
4257 6703
6367 2072
1288 1288
8946 8946
1288 8946
543 7679
444 6309
318 3474
1126 1126
6013 1432
673 1992
6583 6583
8698 6461
2450 2450
8715 2598
1322 304
3379 3379
5175 5175
4893 3241
9683 2676
6583 6782
2309 304
2309 8946
1666 2766
4249 4249
5885 304
8946 462
1539 2517
5309 1288
4003 1288
2197 6186
1849 4433
4038 4725
2362 4725
861 6309
1035 3295
4926 1304
1322 1322
75 6309
4737 4737
7679 1288
1492 4725
8840 4249
6400 5542
1030 2670
292 6438
4900 4900
2443 3333
1432 4725
917 4737
7577 7577
2443 5346
7659 7659
2443 8946
3973 6414
1870 304
1471 2598
2504 2504
4249 3295
56 56
2309 2309
4287 6044
3904 3904
1406 1406
861 9922
1310 5077
9908 343
2010 2010
4900 3295
2890 2890
861 235
885 885
4249 4249
2890 2890
3446 8753
4767 4767
318 4926
7059 3436
728 728
2484 3474
116 1605
1428 5077
6716 4725
7059 7059
974 9122
56 56
4924 8020
56 4725
56 4725
4257 4257
404 6568
3340 588
2077 4926
5074 3788
4725 3474
1450 3295
673 3295
1492 3171
2077 304
85 3474
2077 2077
3596 3596
2823 2823
2077 4725
2077 3333
6583 6583
8981 304
969 304
2309 3171
4903 688
2077 4725
3889 3889
8163 4725
4596 4596
6021 6021
3122 2603
2077 4926
4668 7432
1666 1666
7581 7581
2077 9530
1580 3474
7412 7412
2077 4725
2527 3916
5295 9122
2789 2789
2164 3474
5653 5653
243 9360
2961 2961
5303 4725
9702 9702
2362 6309
3332 3332
2309 2823
1412 3474
5625 3474
2109 1605
4186 4186
5175 4690
4857 1288
5077 2828
2890 2890
4890 4890
2443 739
518 518
738 4725
6094 6094
9069 4725
8563 8563
4064 4064
7412 7144
9702 3474
758 758
1586 1702
4857 13
2197 3474
2786 6094
6095 6095
7229 3474
1265 6703
6068 4725
4120 6044
5074 5077
3973 974
2077 6782
974 974
2109 2109
2164 2164
4599 4249
5993 5993
8724 437
4213 3474
6013 3474
8946 8946
2959 4725
4599 4599
1432 9815
2955 7918
4850 4850
7144 3171
8946 5542
8946 8946
4257 4257
4186 4249
7918 4725
2554 304
2890 2890
4249 1557
8946 7918
7918 7918
7144 7144
3122 2648
4110 4110
2890 3295
1542 1542
917 5077
917 917
1900 304
2697 4249
2133 2133
1464 1464
7918 4725
7641 304
1409 4023
404 3474
2774 3009
834 834
2828 2828
2164 2164
2945 2945
4828 3474
2077 2491
4980 6782
5074 4725
4206 304
1322 1322
1310 3474
5295 7012
1969 1969
974 974
1419 1419
2959 2959
3827 3827
422 7689
3898 3295
5346 5346
1409 1409
6432 6432
1322 1322
765 3474
2072 13
799 799
1348 6309
2450 822
893 6309
1119 931
2612 3474
8041 8041
7613 4725
2819 8015
8061 8061
4249 4249
7094 2309
1432 1432
1409 1409
1572 4120
799 799
2945 8840
4910 4725
3446 3446
4389 4389
8563 8563
2541 2541
9611 3474
4900 4900
1622 1622
2077 2077
1996 1996
2959 7581
8178 8331
5921 5921
3401 3401
4857 4725
1294 1294
5346 5346
939 6309
917 917
8981 6309
2815 2815
1156 1156
3827 3827
4206 4206
1972 1972
4912 4912
2109 2109
572 572
572 6309
9266 8590
40 1432
4186 4186
2077 4194
4206 304
2961 188
4903 1432
5346 5346
3333 3333
2955 2955
2077 2077
4737 4737
2077 6309
8041 8041
543 635
2450 6309
572 2598
198 4023
1720 1720
151 151
86 86
5653 7094
4257 1432
543 543
3095 3095
974 6282
536 536
3134 3134
6482 6482
2715 2347
2715 1432
2362 5696
8880 4211
2450 2450
2309 2309
2362 2362
3030 304
3333 3333
7759 7759
4287 304
7927 7256
4203 304
142 8655
8880 1605
3713 3713
2959 2959
3105 4728
8681 235
8005 67
3916 3916
8945 360
5100 5100
9425 9425
3306 3306
1009 1009
5849 5849
1769 1769
3333 3333
5849 5849
974 6309
209 209
3713 6309
2362 2362
7648 3916
1432 1432
572 3474
4799 2961
5975 5975
2648 739
230 230
5812 572
2245 2245
2961 3916
2077 1527
1968 5346
1968 3916
4287 4287
2245 2245
1512 1512
6547 1853
2077 3474
536 2197
4023 4023
4433 4433
3181 3181
7412 1432
3882 3882
5284 5284
426 426
7198 7198
5284 5284
7012 3827
5812 5074
9382 903
5975 5975
2077 287
5849 5849
3894 3894
8621 8621
974 3050
1237 4362
2077 3358
7759 7759
5218 5542
3098 4249
4690 4249
1030 6742
22 22
4389 4389
2959 2959
572 3474
5218 5218
1785 4725
75 1958
5653 5653
737 737
3333 1323
1310 3295
4903 6819
2077 2077
1432 1432
8946 4725
2443 4249
2598 893
2077 3474
3446 3446
1009 1009
974 974
8031 3608
974 4249
2309 9641
2955 2955
909 909
4120 4120
931 931
5975 5975
2362 304
1836 1836
4120 4120
5849 5849
5849 5849
869 869
2766 304
4038 4038
4427 4427
2959 304
3627 3627
2450 2450
5021 1288
8946 8946
6340 6340
5035 7274
3449 6703
8331 8331
204 476
4903 304
6533 6533
4265 4265
4120 5856
8946 235
7345 7345
1712 6309
7595 3973
4903 4249
7595 235
8024 9686
1310 4249
1228 1228
7140 912
4120 4120
4203 2988
4257 3474
3610 3610
2890 2890
2890 2890
8041 8041
4903 2598
9222 304
2836 2836
797 797
1348 1348
9922 9922
268 9686
2836 2836
1348 3474
5849 5849
8047 2648
4903 893
8047 2648
5675 6309
1348 5118
7595 9686
5284 5284
2214 2214
5077 6509
8946 8946
826 826
4332 4332
3306 2362
2965 7094
4690 1012
797 13
2309 2309
6583 1012
230 230
1836 1836
8946 8946
6583 6583
7382 7382
9536 9536
8743 8743
22 22
3340 3340
3887 3887
3044 3044
1812 1812
3333 7178
6583 7094
7412 3474
1812 1812
861 861
6305 6305
7648 7648
2362 304
6583 6583
3050 6309
1310 1310
2128 2128
3609 3609
4737 3171
3609 7094
7345 7345
1972 1972
1912 1288
4038 4038
6394 6394
2823 2823
7979 304
2890 2890
9204 6309
3044 6309
7581 8907
3050 3050
861 1030
9204 431
2031 2031
6264 6264
7595 8279
9204 9204
7595 7595
5849 5849
7927 7927
9204 3474
2648 2648
2554 2554
2455 2455
890 890
6533 6533
9825 9825
6264 6264
3973 3973
4249 3474
2238 2238
9872 5363
699 699
4052 4052
9872 9396
6533 6533
3106 3106
9872 4249
8999 4249
2233 2233
9843 4120
2281 2281
7613 7613
3713 3713
6822 317
543 543
4903 3916
3034 3034
931 931
1035 1035
6021 6021
869 869
6340 6340
3752 3752
2644 2644
7595 6365
2697 2697
1858 1858
1512 1512
63 2988
5363 5363
8047 582
2961 2961
7345 7345
3095 3095
5077 4725
1512 1512
1464 1464
1113 1113
699 699
5077 5077
9859 9859
5175 7012
2077 2077
172 13
2077 2077
1431 1431
9789 9990
6583 6583
2612 2612
2699 2699
1431 1431
4900 4799
7412 7412
4433 4433
1512 1512
3401 3401
3401 4249
4287 4287
4419 4419
2648 4249
7412 7412
1992 1992
1114 1114
1318 1318
8484 8484
7648 7648
1247 2839
5346 5346
6340 6340
5849 5849
931 931
986 7363
1785 1785
5821 1035
2554 2135
2935 2935
2612 7412
6180 6180
1492 1035
7412 7412
5175 5175
986 986
9636 9636
58 58
3095 3095
2145 7602
6583 6583
3098 3098
5303 5303
3657 3657
5343 7345
9702 9702
9636 9636
9940 6372
998 998
7979 7979
7595 7595
2890 2890
7012 5171
2965 2965
6278 6278
7708 7708
2309 2309
9458 9458
5454 5454
3812 3812
1247 1247
3196 3196
1310 1310
2875 2875
4257 4257
8840 8840
2890 2890
2701 8753
7850 6365
7345 7345
986 986
7850 8753
58 58
7850 287
214 214
4038 4038
8203 13
1542 1542
9843 9843
3045 7094
1915 1915
4901 4901
5849 5849
4931 4931
2031 2031
7008 7008
7345 7345
1992 1992
7412 7412
9204 6309
7966 7966
4903 4903
7581 7581
7581 1113
7162 2281
7345 7345
1158 5921
1900 1900
4352 7412
8528 8528
1185 1185
7965 1836
5653 5653
5653 5653
1713 304
8330 8330
2959 2959
700 8670
7345 7345
8026 8026
6482 6482
8981 8981
2128 2128
5237 5237
8528 8528
9425 9425
8946 8946
5849 5849
728 728
1348 1348
3205 3205
4792 1247
7659 7659
2796 1836
9204 9204
797 797
122 122
8373 8373
7012 7012
8981 8981
969 969
5056 5056
2128 2128
1288 1288
7507 8528
6583 6583
3106 3106
2827 2827
7920 7920
5645 5645
7012 7012
4203 4203
7949 7949
2118 4249
9518 9518
2648 1836
8233 8233
3093 3093
1348 1348
2959 2959
3764 3764
9518 9518
9636 9636
91 2598
2959 304
3154 3154
7732 7732
1449 1449
2648 7595
4903 8313
1782 1782
9931 9931
1615 1615
9204 9204
9204 9204
7849 7849
3957 3957
9360 9360
939 939
9204 9204
6583 6583
1454 1454
4287 4287
2596 1288
2450 2450
3340 3340
3485 3485
3045 3045
3340 3340
9425 9425
900 900
3340 3340
2959 2959
834 834
9636 9636
7345 7345
8123 8123
3340 3340
7641 304
3712 3712
5984 5984
826 826
3485 3485
4249 4249
2828 2828
5314 5314
3485 3485
2959 2959
6153 6153
7415 7415
7415 7415
8840 8840
7732 7732
937 937
8233 8233
3045 3045
8233 8233
7780 7780
4903 4903
5422 5422
1796 1796
4287 4287
8261 8261
486 486
7949 7949
7512 7512
3957 3957
7512 7512
2648 2648
9686 9686
5454 5454
7949 7949
3596 3596
8528 8528
9794 9794
